short_app	policy_impl	cache_percentage	batchsize	dataset_short	num_worker	use_amp	epoch_e2e_time	cuda_usage	Step(average) L1 sample	Step(average) L2 feat copy	Step(average) L1 train total	Time.L	Time.R	Time.C	Wght.L	Wght.R	Wght.C	Thpt.L	Thpt.R	Thpt.C	SizeGB.L	SizeGB.R	SizeGB.C	optimal_local_rate	optimal_remote_rate	optimal_cpu_rate	coll_cache:local_cache_rate	coll_cache:remote_cache_rate	coll_cache:global_cache_rate
sage_unsup	Cliq	1.000000	2000	PAU	4	True	11.488297	8.31	0.003829	0.034179	0.007940	0.033484	0.000000	0.000000	100.000000	0.000000	0.000000	16.433047	nan	nan	0.550244	0.000000	0.000000	0.076442	0.229326	0.694231	0.010000	0.030000	0.040000
sage_unsup	MPSPhaseCliq	1.000000	2000	PAU	4	True	11.488785	10.03	0.003853	0.034260	0.007800	0.000112	0.001144	0.033532	7.568364	22.699768	69.731869	371.878488	109.197443	11.444292	0.041650	0.124922	0.383750	0.076446	0.229339	0.694215	0.010000	0.030000	0.040000
sage_unsup	Rep	1.000000	2000	PAU	4	True	13.541831	8.22	0.003821	0.041823	0.008477	0.041236	0.000000	0.000000	100.000000	0.000000	0.000000	13.344254	nan	nan	0.550264	0.000000	0.000000	0.141389	0.000000	0.858611	0.010000	0.000000	0.010000
sage_unsup	MPSPhaseRep	1.000000	2000	PAU	4	True	13.607378	9.95	0.003889	0.041961	0.008526	0.000405	0.000000	0.041345	14.053737	0.000000	85.946263	190.948110	nan	11.438855	0.077334	0.000000	0.472939	0.141343	0.000000	0.858657	0.010000	0.000000	0.010000
sage_unsup	MPSPhaseColl	1.000000	2000	PAU	4	True	11.656487	10.04	0.003881	0.034577	0.008118	0.000137	0.001128	0.033851	7.471693	22.093849	70.434459	300.096943	107.776831	11.449244	0.041113	0.121572	0.387568	0.076210	0.222469	0.701321	0.009989	0.028919	0.038908
sage_unsup	Coll	1.000000	2000	PAU	4	True	11.732533	8.31	0.003824	0.034619	0.008291	0.033930	0.000000	0.000000	100.000000	0.000000	0.000000	16.218766	nan	nan	0.550303	0.000000	0.000000	0.071597	0.224724	0.703679	0.009311	0.029313	0.038624
sage_unsup	Cliq	2.000000	2000	PAU	4	True	9.886710	8.96	0.003853	0.027851	0.007826	0.027107	0.000000	0.000000	100.000000	0.000000	0.000000	20.298969	nan	nan	0.550244	0.000000	0.000000	0.110368	0.331103	0.558529	0.020000	0.060000	0.080000
sage_unsup	MPSPhaseCliq	2.000000	2000	PAU	4	True	9.799287	10.45	0.003856	0.027955	0.007392	0.000157	0.001625	0.027182	10.901281	32.689645	56.409073	382.041202	110.685096	11.418258	0.059980	0.179863	0.310371	0.110392	0.331175	0.558434	0.020000	0.060000	0.080000
sage_unsup	Rep	2.000000	2000	PAU	4	True	12.702773	8.50	0.003813	0.038676	0.008278	0.038027	0.000000	0.000000	100.000000	0.000000	0.000000	14.469314	nan	nan	0.550225	0.000000	0.000000	0.209068	0.000000	0.790932	0.020000	0.000000	0.020000
sage_unsup	MPSPhaseRep	2.000000	2000	PAU	4	True	12.753767	10.01	0.003858	0.038871	0.008214	0.000503	0.000000	0.038198	20.746512	0.000000	79.253488	226.939146	nan	11.415898	0.114150	0.000000	0.436064	0.209042	0.000000	0.790958	0.020000	0.000000	0.020000
sage_unsup	MPSPhaseColl	2.000000	2000	PAU	4	True	9.889874	10.17	0.003871	0.028048	0.007576	0.000116	0.001622	0.027274	10.872536	32.498713	56.628751	515.810210	110.263660	11.426290	0.059834	0.178848	0.311641	0.115572	0.323748	0.560680	0.019856	0.059781	0.079637
sage_unsup	Coll	2.000000	2000	PAU	4	True	9.931106	8.68	0.003844	0.027950	0.007845	0.027209	0.000000	0.000000	100.000000	0.000000	0.000000	20.220001	nan	nan	0.550166	0.000000	0.000000	0.116599	0.322488	0.560913	0.019808	0.059745	0.079553
sage_unsup	Cliq	4.000000	2000	PAU	4	True	7.737563	10.00	0.003868	0.019339	0.007662	0.018535	0.000000	0.000000	100.000000	0.000000	0.000000	29.693612	nan	nan	0.550371	0.000000	0.000000	0.155927	0.467782	0.376291	0.040000	0.120000	0.160000
sage_unsup	MPSPhaseCliq	4.000000	2000	PAU	4	True	7.734235	11.71	0.003889	0.019555	0.007453	0.000202	0.002299	0.018718	15.375604	46.125036	38.499361	418.761603	110.378323	11.315666	0.084590	0.253760	0.211807	0.155914	0.467742	0.376344	0.040000	0.120000	0.160000
sage_unsup	Rep	4.000000	2000	PAU	4	True	11.560327	9.34	0.003857	0.034164	0.008111	0.033471	0.000000	0.000000	100.000000	0.000000	0.000000	16.442347	nan	nan	0.550342	0.000000	0.000000	0.305890	0.000000	0.694110	0.040000	0.000000	0.040000
sage_unsup	MPSPhaseRep	4.000000	2000	PAU	4	True	11.588124	11.34	0.003854	0.034459	0.008036	0.000644	0.000000	0.033742	30.270069	0.000000	69.729931	258.682914	nan	11.373356	0.166592	0.000000	0.383760	0.305773	0.000000	0.694227	0.040000	0.000000	0.040000
sage_unsup	MPSPhaseColl	4.000000	2000	PAU	4	True	7.714516	12.00	0.003869	0.019706	0.007293	0.000179	0.002279	0.018874	15.357720	45.794509	38.847772	472.077950	110.562815	11.325103	0.084502	0.251973	0.213750	0.156878	0.463179	0.379943	0.039944	0.118745	0.158690
sage_unsup	Coll	4.000000	2000	PAU	4	True	7.801483	10.04	0.003857	0.019596	0.007927	0.018793	0.000000	0.000000	100.000000	0.000000	0.000000	29.276609	nan	nan	0.550195	0.000000	0.000000	0.149293	0.468800	0.381907	0.039275	0.119391	0.158666
sage_unsup	Cliq	8.000000	2000	PAU	4	True	5.548691	12.61	0.003857	0.010869	0.007438	0.009993	0.000000	0.000000	100.000000	0.000000	0.000000	55.062958	nan	nan	0.550244	0.000000	0.000000	0.208452	0.625355	0.166193	0.080000	0.240000	0.320000
sage_unsup	MPSPhaseCliq	8.000000	2000	PAU	4	True	5.209329	14.33	0.003848	0.009764	0.007152	0.000251	0.003094	0.008857	20.619087	61.853712	17.527200	451.981138	109.994268	10.888060	0.113447	0.340322	0.096436	0.208443	0.625328	0.166229	0.080000	0.240000	0.320000
sage_unsup	Rep	8.000000	2000	PAU	4	True	9.903058	11.86	0.003855	0.027822	0.007821	0.027082	0.000000	0.000000	100.000000	0.000000	0.000000	20.320231	nan	nan	0.550312	0.000000	0.000000	0.441756	0.000000	0.558244	0.080000	0.000000	0.080000
sage_unsup	MPSPhaseRep	8.000000	2000	PAU	4	True	10.016114	13.86	0.003895	0.028266	0.007798	0.000837	0.000000	0.027499	43.589516	0.000000	56.410484	286.598342	nan	11.289118	0.239883	0.000000	0.310439	0.441612	0.000000	0.558388	0.080000	0.000000	0.080000
sage_unsup	MPSPhaseColl	8.000000	2000	PAU	4	True	5.367965	14.61	0.003920	0.009981	0.007571	0.000321	0.003049	0.009065	20.357390	61.535322	18.107288	349.007009	111.066769	10.992657	0.112031	0.338643	0.099648	0.214077	0.613941	0.171982	0.079994	0.239898	0.319892
sage_unsup	Coll	8.000000	2000	PAU	4	True	5.714965	12.90	0.003853	0.011230	0.007634	0.010347	0.000000	0.000000	100.000000	0.000000	0.000000	53.181931	nan	nan	0.550273	0.000000	0.000000	0.221148	0.603011	0.175840	0.079971	0.239922	0.319893
sage_unsup	Cliq	10.000000	2000	PAU	4	True	5.130475	13.94	0.003868	0.009147	0.007475	0.008238	0.000000	0.000000	100.000000	0.000000	0.000000	66.785115	nan	nan	0.550176	0.000000	0.000000	0.223597	0.670790	0.105614	0.100000	0.300000	0.400000
sage_unsup	MPSPhaseCliq	10.000000	2000	PAU	4	True	4.555972	15.42	0.003890	0.007009	0.007304	0.000273	0.003389	0.006070	22.150057	66.444847	11.405097	446.500114	107.894452	10.339979	0.121895	0.365654	0.062764	0.223609	0.670827	0.105563	0.100000	0.300000	0.400000
sage_unsup	Rep	10.000000	2000	PAU	4	True	9.239615	12.95	0.003846	0.025358	0.007830	0.024572	0.000000	0.000000	100.000000	0.000000	0.000000	22.392739	nan	nan	0.550234	0.000000	0.000000	0.495055	0.000000	0.504945	0.100000	0.000000	0.100000
sage_unsup	MPSPhaseRep	10.000000	2000	PAU	4	True	9.400672	14.94	0.003893	0.025821	0.007889	0.000926	0.000000	0.025011	48.847362	0.000000	51.152638	290.279512	nan	11.254423	0.268799	0.000000	0.281484	0.495132	0.000000	0.504868	0.100000	0.000000	0.100000
sage_unsup	MPSPhaseColl	10.000000	2000	PAU	4	True	4.589182	15.13	0.003918	0.007053	0.007345	0.000396	0.003331	0.006111	22.120470	66.292195	11.587335	307.370581	109.509274	10.433606	0.121719	0.364775	0.063760	0.245892	0.646707	0.107402	0.099696	0.299115	0.398811
sage_unsup	Coll	10.000000	2000	PAU	4	True	5.166891	13.70	0.003836	0.009291	0.007519	0.008382	0.000000	0.000000	100.000000	0.000000	0.000000	65.651750	nan	nan	0.550293	0.000000	0.000000	0.268374	0.625816	0.105810	0.099968	0.299985	0.399954
sage_unsup	Cliq	1.000000	2000	CF	4	True	20.970570	10.35	0.004049	0.066369	0.013378	0.065616	0.000000	0.000000	100.000000	0.000000	0.000000	18.135821	nan	nan	1.190000	0.000000	0.000000	0.092239	0.276717	0.631044	0.010000	0.030000	0.040000
sage_unsup	MPSPhaseCliq	1.000000	2000	CF	4	True	21.002817	12.03	0.004082	0.066490	0.013387	0.000341	0.002953	0.065710	9.206769	27.549731	63.243501	321.291926	111.019911	11.453320	0.109561	0.327842	0.752598	0.092233	0.276699	0.631069	0.010000	0.030000	0.040000
sage_unsup	Rep	1.000000	2000	CF	4	True	26.429110	9.66	0.004038	0.088306	0.013305	0.087761	0.000000	0.000000	100.000000	0.000000	0.000000	13.559554	nan	nan	1.190000	0.000000	0.000000	0.154123	0.000000	0.845877	0.010000	0.000000	0.010000
sage_unsup	MPSPhaseRep	1.000000	2000	CF	4	True	26.452292	12.59	0.004112	0.088435	0.013179	0.000734	0.000000	0.087864	15.126050	0.000000	84.873950	245.231608	nan	11.495038	0.180000	0.000000	1.010000	0.154106	0.000000	0.845894	0.010000	0.000000	0.010000
sage_unsup	MPSPhaseColl	1.000000	2000	CF	4	True	21.415346	11.47	0.004086	0.068185	0.013315	0.000429	0.002741	0.067415	9.660583	25.409500	64.929917	267.974213	110.314866	11.461337	0.114961	0.302373	0.772666	0.088177	0.263755	0.648068	0.009889	0.028095	0.037985
sage_unsup	Coll	1.000000	2000	CF	4	True	21.097803	9.76	0.004038	0.067078	0.013217	0.066326	0.000000	0.000000	100.000000	0.000000	0.000000	17.941682	nan	nan	1.190000	0.000000	0.000000	0.091830	0.270134	0.638036	0.010000	0.029803	0.039803
sage_unsup	Cliq	2.000000	2000	CF	4	True	16.330985	11.01	0.004036	0.049094	0.012134	0.048270	0.000000	0.000000	100.000000	0.000000	0.000000	24.652994	nan	nan	1.190000	0.000000	0.000000	0.134354	0.403063	0.462583	0.020000	0.060000	0.080000
sage_unsup	MPSPhaseCliq	2.000000	2000	CF	4	True	16.410075	13.33	0.004087	0.049242	0.012252	0.000479	0.004261	0.048389	13.403525	40.125230	46.471245	332.989464	112.060604	11.428379	0.159502	0.477490	0.553008	0.134396	0.403187	0.462417	0.020000	0.060000	0.080000
sage_unsup	Rep	2.000000	2000	CF	4	True	24.347160	11.51	0.004054	0.079323	0.013955	0.078656	0.000000	0.000000	100.000000	0.000000	0.000000	15.129170	nan	nan	1.190000	0.000000	0.000000	0.242446	0.000000	0.757554	0.020000	0.000000	0.020000
sage_unsup	MPSPhaseRep	2.000000	2000	CF	4	True	24.383908	12.09	0.004092	0.079544	0.013833	0.001027	0.000000	0.078853	24.182642	0.000000	75.817358	280.207826	nan	11.441880	0.287773	0.000000	0.902227	0.242395	0.000000	0.757605	0.020000	0.000000	0.020000
sage_unsup	MPSPhaseColl	2.000000	2000	CF	4	True	16.537026	12.75	0.004080	0.049823	0.012199	0.000390	0.004214	0.048972	13.201648	39.715730	47.082622	402.819511	112.154055	11.440889	0.157100	0.472617	0.560283	0.134889	0.396489	0.468621	0.019845	0.058871	0.078716
sage_unsup	Coll	2.000000	2000	CF	4	True	16.604239	11.65	0.004073	0.050197	0.012075	0.049375	0.000000	0.000000	100.000000	0.000000	0.000000	24.101266	nan	nan	1.190000	0.000000	0.000000	0.127666	0.399006	0.473328	0.019909	0.058609	0.078518
sage_unsup	Cliq	4.000000	2000	CF	4	True	10.823282	12.42	0.004024	0.028743	0.010473	0.027839	0.000000	0.000000	100.000000	0.000000	0.000000	42.745788	nan	nan	1.190000	0.000000	0.000000	0.183867	0.551601	0.264532	0.040000	0.120000	0.160000
sage_unsup	MPSPhaseCliq	4.000000	2000	CF	4	True	10.913617	14.15	0.004086	0.028980	0.010515	0.000641	0.005780	0.028044	18.321626	54.897584	26.780790	340.136262	113.024438	11.363978	0.218027	0.653281	0.318691	0.183854	0.551563	0.264583	0.040000	0.120000	0.160000
sage_unsup	Rep	4.000000	2000	CF	4	True	20.951831	11.59	0.004042	0.066358	0.013355	0.065606	0.000000	0.000000	100.000000	0.000000	0.000000	18.138585	nan	nan	1.190000	0.000000	0.000000	0.368853	0.000000	0.631147	0.040000	0.000000	0.040000
sage_unsup	MPSPhaseRep	4.000000	2000	CF	4	True	21.044273	13.97	0.004135	0.066754	0.013231	0.001444	0.000000	0.065973	36.772092	0.000000	63.227908	303.038705	nan	11.404849	0.437588	0.000000	0.752412	0.368952	0.000000	0.631048	0.040000	0.000000	0.040000
sage_unsup	MPSPhaseColl	4.000000	2000	CF	4	True	11.058817	13.56	0.004119	0.029922	0.010111	0.000515	0.005733	0.028983	18.090205	54.154904	27.754891	418.006675	112.409447	11.395756	0.215273	0.644443	0.330283	0.173292	0.552323	0.274385	0.039961	0.119927	0.159889
sage_unsup	Coll	4.000000	2000	CF	4	True	10.884191	12.99	0.004078	0.028932	0.010548	0.028023	0.000000	0.000000	100.000000	0.000000	0.000000	42.465118	nan	nan	1.190000	0.000000	0.000000	0.181844	0.551858	0.266298	0.039988	0.119663	0.159651
sage_unsup	Cliq	6.000000	2000	CF	4	True	8.577108	14.24	0.004062	0.020353	0.009749	0.019328	0.000000	0.000000	100.000000	0.000000	0.000000	61.568709	nan	nan	1.190000	0.000000	0.000000	0.211516	0.634547	0.153937	0.060000	0.180000	0.240000
sage_unsup	MPSPhaseCliq	6.000000	2000	CF	4	True	7.938064	15.36	0.004071	0.017687	0.009823	0.000729	0.006637	0.016638	21.100315	63.161436	15.738248	344.435871	113.247114	11.256471	0.251094	0.751621	0.187285	0.211536	0.634608	0.153856	0.060000	0.180000	0.240000
sage_unsup	Rep	6.000000	2000	CF	4	True	18.424170	13.48	0.004037	0.056825	0.012793	0.055941	0.000000	0.000000	100.000000	0.000000	0.000000	21.272412	nan	nan	1.190000	0.000000	0.000000	0.462650	0.000000	0.537350	0.060000	0.000000	0.060000
sage_unsup	MPSPhaseRep	6.000000	2000	CF	4	True	18.554095	15.77	0.004106	0.057380	0.012667	0.001748	0.000000	0.056471	46.078978	0.000000	53.921022	313.695563	nan	11.362649	0.548340	0.000000	0.641660	0.462639	0.000000	0.537361	0.060000	0.000000	0.060000
sage_unsup	MPSPhaseColl	6.000000	2000	CF	4	True	7.861306	14.81	0.004114	0.017610	0.009857	0.000873	0.006632	0.016554	21.262802	62.942325	15.794873	289.836591	112.939335	11.354294	0.253027	0.749014	0.187959	0.195125	0.650418	0.154458	0.059986	0.179930	0.239916
sage_unsup	Coll	6.000000	2000	CF	4	True	8.536044	14.25	0.004074	0.020775	0.009215	0.019752	0.000000	0.000000	100.000000	0.000000	0.000000	60.247064	nan	nan	1.190000	0.000000	0.000000	0.187809	0.652329	0.159863	0.059990	0.179924	0.239915
sage_unsup	Cliq	8.000000	2000	CF	4	True	7.185015	15.15	0.004071	0.015639	0.009015	0.014656	0.000000	0.000000	100.000000	0.000000	0.000000	81.195415	nan	nan	1.190000	0.000000	0.000000	0.227633	0.682898	0.089469	0.080000	0.240000	0.320000
sage_unsup	MPSPhaseCliq	8.000000	2000	CF	4	True	6.140889	15.70	0.004116	0.011027	0.009294	0.000793	0.007146	0.010014	22.693999	68.001576	9.304425	340.553082	113.240799	11.056786	0.270059	0.809219	0.110723	0.227630	0.682890	0.089480	0.080000	0.240000	0.320000
sage_unsup	Rep	8.000000	2000	CF	4	True	16.333548	14.75	0.004044	0.049057	0.012177	0.048231	0.000000	0.000000	100.000000	0.000000	0.000000	24.672928	nan	nan	1.190000	0.000000	0.000000	0.537566	0.000000	0.462434	0.080000	0.000000	0.080000
sage_unsup	MPSPhaseRep	8.000000	2000	CF	4	True	16.493323	15.31	0.004095	0.049722	0.012111	0.001994	0.000000	0.048869	53.537782	0.000000	46.462218	319.508330	nan	11.313929	0.637100	0.000000	0.552900	0.537609	0.000000	0.462391	0.080000	0.000000	0.080000
sage_unsup	MPSPhaseColl	8.000000	2000	CF	4	True	6.054120	15.69	0.004096	0.010763	0.009370	0.001042	0.007071	0.009755	22.852383	67.812008	9.335609	260.982111	114.122881	11.388391	0.271943	0.806963	0.111094	0.192454	0.717740	0.089806	0.079991	0.239933	0.319924
sage_unsup	Coll	8.000000	2000	CF	4	True	7.211984	15.18	0.004019	0.015755	0.009014	0.014782	0.000000	0.000000	100.000000	0.000000	0.000000	80.503315	nan	nan	1.190000	0.000000	0.000000	0.199967	0.710229	0.089804	0.079914	0.239973	0.319887
sage_unsup	Cliq	0.200000	500	MAG	4	True	9.119804	8.09	0.001423	0.024575	0.010544	0.024319	0.000000	0.000000	100.000000	0.000000	0.000000	14.351883	nan	nan	0.349023	0.000000	0.000000	0.052039	0.156117	0.791844	0.002000	0.006000	0.008000
sage_unsup	MPSPhaseCliq	0.200000	500	MAG	4	True	9.155257	10.05	0.001462	0.024593	0.010561	0.000087	0.000541	0.024315	5.032590	15.097770	79.869639	201.935165	97.421586	11.466928	0.017568	0.052705	0.278818	0.052039	0.156117	0.791843	0.002000	0.006000	0.008000
sage_unsup	Rep	0.200000	500	MAG	4	True	10.108027	8.31	0.001441	0.027678	0.011275	0.027454	0.000000	0.000000	100.000000	0.000000	0.000000	12.719430	nan	nan	0.349199	0.000000	0.000000	0.100314	0.000000	0.899686	0.002000	0.000000	0.002000
sage_unsup	MPSPhaseRep	0.200000	500	MAG	4	True	10.019942	10.03	0.001477	0.027672	0.010880	0.000299	0.000000	0.027434	9.815230	0.000000	90.184770	114.509302	nan	11.467152	0.034238	0.000000	0.314590	0.099842	0.000000	0.900158	0.002000	0.000000	0.002000
sage_unsup	MPSPhaseColl	0.200000	500	MAG	4	True	9.286229	9.83	0.001476	0.025091	0.010596	0.000100	0.000483	0.024819	5.507692	12.959441	81.532867	192.285156	93.673169	11.468973	0.019229	0.045244	0.284648	0.058440	0.132448	0.809112	0.001974	0.005366	0.007340
sage_unsup	Coll	0.200000	500	MAG	4	True	9.453894	8.33	0.001413	0.025604	0.010695	0.025364	0.000000	0.000000	100.000000	0.000000	0.000000	13.750573	nan	nan	0.348770	0.000000	0.000000	0.054731	0.116987	0.828282	0.001998	0.004449	0.006447
sage_unsup	Cliq	0.600000	500	MAG	4	True	7.869901	9.70	0.001423	0.019960	0.010222	0.019707	0.000000	0.000000	100.000000	0.000000	0.000000	17.720543	nan	nan	0.349219	0.000000	0.000000	0.093187	0.279562	0.627250	0.006000	0.018000	0.024000
sage_unsup	MPSPhaseCliq	0.600000	500	MAG	4	True	7.886987	11.43	0.001467	0.019958	0.010128	0.000112	0.000876	0.019684	8.850350	26.545455	64.604196	275.878906	105.794271	11.458386	0.030898	0.092676	0.225547	0.093166	0.279499	0.627334	0.006000	0.018000	0.024000
sage_unsup	Rep	0.600000	500	MAG	4	True	9.432496	9.61	0.001433	0.025388	0.010944	0.025154	0.000000	0.000000	100.000000	0.000000	0.000000	13.868865	nan	nan	0.348857	0.000000	0.000000	0.178673	0.000000	0.821327	0.006000	0.000000	0.006000
sage_unsup	MPSPhaseRep	0.600000	500	MAG	4	True	9.522812	11.46	0.001505	0.025437	0.011081	0.000375	0.000000	0.025183	17.344370	0.000000	82.655630	161.510417	nan	11.461415	0.060566	0.000000	0.288633	0.178663	0.000000	0.821337	0.006000	0.000000	0.006000
sage_unsup	MPSPhaseColl	0.600000	500	MAG	4	True	7.940165	11.44	0.001460	0.020240	0.010092	0.000183	0.000862	0.019967	8.638209	25.749475	65.612316	164.681523	104.215759	11.464228	0.030137	0.089834	0.228906	0.089256	0.272634	0.638110	0.005873	0.017305	0.023178
sage_unsup	Coll	0.600000	500	MAG	4	True	8.067455	9.61	0.001434	0.020512	0.010416	0.020261	0.000000	0.000000	100.000000	0.000000	0.000000	17.227332	nan	nan	0.349043	0.000000	0.000000	0.079876	0.272966	0.647158	0.005976	0.016684	0.022660
sage_unsup	Cliq	1.000000	500	MAG	4	True	7.006474	11.23	0.001439	0.016764	0.009927	0.016514	0.000000	0.000000	100.000000	0.000000	0.000000	21.127907	nan	nan	0.348906	0.000000	0.000000	0.121372	0.364115	0.514513	0.010000	0.030000	0.040000
sage_unsup	MPSPhaseCliq	1.000000	500	MAG	4	True	7.001705	12.95	0.001467	0.016776	0.009786	0.000138	0.001112	0.016502	11.468762	34.411880	54.119358	290.208899	108.062964	11.452210	0.040049	0.120166	0.188984	0.121468	0.364405	0.514127	0.010000	0.030000	0.040000
sage_unsup	Rep	1.000000	500	MAG	4	True	8.956078	11.05	0.001424	0.023807	0.010553	0.023567	0.000000	0.000000	100.000000	0.000000	0.000000	14.802379	nan	nan	0.348848	0.000000	0.000000	0.234304	0.000000	0.765696	0.010000	0.000000	0.010000
sage_unsup	MPSPhaseRep	1.000000	500	MAG	4	True	8.966059	12.65	0.001473	0.023837	0.010553	0.000428	0.000000	0.023583	22.604196	0.000000	77.395804	184.383214	nan	11.457621	0.078916	0.000000	0.270205	0.234563	0.000000	0.765437	0.010000	0.000000	0.010000
sage_unsup	MPSPhaseColl	1.000000	500	MAG	4	True	7.047716	12.82	0.001444	0.017014	0.009712	0.000151	0.001074	0.016744	12.140879	32.881081	54.978040	280.680877	106.876309	11.462245	0.042383	0.114785	0.191924	0.134095	0.342786	0.523118	0.009957	0.029679	0.039636
sage_unsup	Coll	1.000000	500	MAG	4	True	7.328836	11.13	0.001501	0.016988	0.010622	0.016731	0.000000	0.000000	100.000000	0.000000	0.000000	20.847458	nan	nan	0.348799	0.000000	0.000000	0.111338	0.366142	0.522519	0.009588	0.029373	0.038961
sage_unsup	Cliq	0.200000	1000	MAG	4	True	16.286936	9.02	0.002021	0.048749	0.014321	0.048364	0.000000	0.000000	100.000000	0.000000	0.000000	14.304973	nan	nan	0.691846	0.000000	0.000000	0.050414	0.151242	0.798344	0.002000	0.006000	0.008000
sage_unsup	MPSPhaseCliq	0.200000	1000	MAG	4	True	16.287364	11.02	0.002084	0.048782	0.014284	0.000121	0.000958	0.048372	4.956252	14.870167	80.173582	283.445248	107.411681	11.469340	0.034297	0.102900	0.554795	0.050436	0.151307	0.798258	0.002000	0.006000	0.008000
sage_unsup	Rep	0.200000	1000	MAG	4	True	17.967207	9.02	0.002072	0.054911	0.014824	0.054616	0.000000	0.000000	100.000000	0.000000	0.000000	12.668349	nan	nan	0.691895	0.000000	0.000000	0.095373	0.000000	0.904627	0.002000	0.000000	0.002000
sage_unsup	MPSPhaseRep	0.200000	1000	MAG	4	True	17.947595	10.72	0.002068	0.054955	0.014734	0.000390	0.000000	0.054642	9.449774	0.000000	90.550226	167.718349	nan	11.470615	0.065410	0.000000	0.626777	0.095328	0.000000	0.904672	0.002000	0.000000	0.002000
sage_unsup	MPSPhaseColl	0.200000	1000	MAG	4	True	16.469516	10.98	0.002062	0.049466	0.014264	0.000191	0.000890	0.049075	5.059898	13.581013	81.359089	183.348331	105.611394	11.473988	0.035020	0.093994	0.563086	0.047531	0.142055	0.810415	0.001848	0.005425	0.007273
sage_unsup	Coll	0.200000	1000	MAG	4	True	16.429682	9.01	0.002045	0.049276	0.014352	0.048901	0.000000	0.000000	100.000000	0.000000	0.000000	14.144889	nan	nan	0.691699	0.000000	0.000000	0.056883	0.135296	0.807821	0.001906	0.005693	0.007599
sage_unsup	Cliq	0.600000	1000	MAG	4	True	13.796602	10.53	0.002060	0.039458	0.013581	0.039064	0.000000	0.000000	100.000000	0.000000	0.000000	17.711820	nan	nan	0.691895	0.000000	0.000000	0.090649	0.271946	0.637406	0.006000	0.018000	0.024000
sage_unsup	MPSPhaseCliq	0.600000	1000	MAG	4	True	13.682949	12.23	0.002071	0.039461	0.013181	0.000200	0.001661	0.039045	8.821993	26.463155	64.714853	305.078125	110.191056	11.463386	0.061016	0.183027	0.447588	0.090635	0.271906	0.637459	0.006000	0.018000	0.024000
sage_unsup	Rep	0.600000	1000	MAG	4	True	16.739464	10.66	0.002045	0.050398	0.014447	0.050049	0.000000	0.000000	100.000000	0.000000	0.000000	13.819074	nan	nan	0.691631	0.000000	0.000000	0.172578	0.000000	0.827422	0.006000	0.000000	0.006000
sage_unsup	MPSPhaseRep	0.600000	1000	MAG	4	True	16.785478	11.91	0.002114	0.050453	0.014810	0.000541	0.000000	0.050085	17.011699	0.000000	82.988301	217.605563	nan	11.466445	0.117725	0.000000	0.574297	0.172749	0.000000	0.827251	0.006000	0.000000	0.006000
sage_unsup	MPSPhaseColl	0.600000	1000	MAG	4	True	14.029506	12.21	0.002067	0.040466	0.013527	0.000173	0.001541	0.040053	9.075637	24.513679	66.410684	362.908689	110.045476	11.470154	0.062783	0.169580	0.459414	0.097949	0.247130	0.654922	0.005971	0.016764	0.022735
sage_unsup	Coll	0.600000	1000	MAG	4	True	14.099195	10.52	0.002056	0.040177	0.014100	0.039791	0.000000	0.000000	100.000000	0.000000	0.000000	17.384290	nan	nan	0.691738	0.000000	0.000000	0.093610	0.256029	0.650361	0.005985	0.016997	0.022982
sage_unsup	Cliq	1.000000	1000	MAG	4	True	12.102594	12.05	0.002042	0.033058	0.013344	0.032666	0.000000	0.000000	100.000000	0.000000	0.000000	21.175197	nan	nan	0.691709	0.000000	0.000000	0.118273	0.354820	0.526907	0.010000	0.030000	0.040000
sage_unsup	MPSPhaseCliq	1.000000	1000	MAG	4	True	12.006410	13.79	0.002081	0.033074	0.012809	0.000251	0.002137	0.032658	11.473396	34.417363	54.109241	316.118339	111.379307	11.458118	0.079346	0.238018	0.374199	0.118280	0.354839	0.526882	0.010000	0.030000	0.040000
sage_unsup	Rep	1.000000	1000	MAG	4	True	15.985183	12.08	0.002073	0.047219	0.014684	0.046858	0.000000	0.000000	100.000000	0.000000	0.000000	14.763479	nan	nan	0.691787	0.000000	0.000000	0.227343	0.000000	0.772657	0.010000	0.000000	0.010000
sage_unsup	MPSPhaseRep	1.000000	1000	MAG	4	True	15.880292	14.09	0.002122	0.047294	0.014033	0.000645	0.000000	0.046912	22.299671	0.000000	77.700329	239.280523	nan	11.463243	0.154336	0.000000	0.537764	0.227311	0.000000	0.772689	0.010000	0.000000	0.010000
sage_unsup	MPSPhaseColl	1.000000	1000	MAG	4	True	12.164064	14.03	0.002077	0.033564	0.012961	0.000215	0.002095	0.033148	11.223251	33.812320	54.964429	361.146439	111.659084	11.471693	0.077646	0.233926	0.380264	0.128080	0.336157	0.535764	0.009837	0.029471	0.039308
sage_unsup	Coll	1.000000	1000	MAG	4	True	12.304685	12.06	0.002093	0.033488	0.013580	0.033093	0.000000	0.000000	100.000000	0.000000	0.000000	20.912596	nan	nan	0.692061	0.000000	0.000000	0.106212	0.359803	0.533985	0.009985	0.029701	0.039686
sage_unsup	Cliq	0.200000	2000	MAG	4	True	31.362470	10.92	0.003280	0.096558	0.025565	0.095929	0.000000	0.000000	100.000000	0.000000	0.000000	14.177152	nan	nan	1.360000	0.000000	0.000000	0.048489	0.145466	0.806045	0.002000	0.006000	0.008000
sage_unsup	MPSPhaseCliq	0.200000	2000	MAG	4	True	31.383645	13.06	0.003329	0.096608	0.025526	0.000212	0.001766	0.095946	4.677447	14.440200	80.882353	300.062647	111.204258	11.464782	0.063613	0.196387	1.100000	0.048480	0.145439	0.806081	0.002000	0.006000	0.008000
sage_unsup	Rep	0.200000	2000	MAG	4	True	34.732243	11.32	0.003336	0.108690	0.026785	0.108249	0.000000	0.000000	100.000000	0.000000	0.000000	12.563626	nan	nan	1.360000	0.000000	0.000000	0.088925	0.000000	0.911075	0.002000	0.000000	0.002000
sage_unsup	MPSPhaseRep	0.200000	2000	MAG	4	True	34.666558	13.10	0.003347	0.108685	0.026581	0.000548	0.000000	0.108220	8.823529	0.000000	91.176471	218.978102	nan	11.458141	0.120000	0.000000	1.240000	0.088941	0.000000	0.911059	0.002000	0.000000	0.002000
sage_unsup	MPSPhaseColl	0.200000	2000	MAG	4	True	31.624051	13.12	0.003342	0.097456	0.025679	0.000318	0.001668	0.096820	4.805980	13.576373	81.617647	205.538768	110.694647	11.464573	0.065361	0.184639	1.110000	0.055801	0.130319	0.813879	0.001999	0.005432	0.007431
sage_unsup	Coll	0.200000	2000	MAG	4	True	31.821574	11.38	0.003279	0.098211	0.025710	0.097621	0.000000	0.000000	100.000000	0.000000	0.000000	13.931429	nan	nan	1.360000	0.000000	0.000000	0.045826	0.133542	0.820632	0.001958	0.005163	0.007122
sage_unsup	Cliq	0.600000	2000	MAG	4	True	26.366091	12.83	0.003288	0.077989	0.024133	0.077339	0.000000	0.000000	100.000000	0.000000	0.000000	17.584918	nan	nan	1.360000	0.000000	0.000000	0.088393	0.265179	0.646427	0.006000	0.018000	0.024000
sage_unsup	MPSPhaseCliq	0.600000	2000	MAG	4	True	26.388756	15.09	0.003326	0.078099	0.024083	0.000365	0.003155	0.077412	8.555693	26.174029	65.270278	318.787457	112.826243	11.466902	0.116357	0.355967	0.887676	0.088335	0.265007	0.646658	0.006000	0.018000	0.024000
sage_unsup	Rep	0.600000	2000	MAG	4	True	32.275484	13.23	0.003313	0.099866	0.025858	0.099307	0.000000	0.000000	100.000000	0.000000	0.000000	13.694906	nan	nan	1.360000	0.000000	0.000000	0.165204	0.000000	0.834796	0.006000	0.000000	0.006000
sage_unsup	MPSPhaseRep	0.600000	2000	MAG	4	True	32.270191	15.00	0.003336	0.099880	0.025808	0.000839	0.000000	0.099303	16.176471	0.000000	83.823529	262.216925	nan	11.480016	0.220000	0.000000	1.140000	0.165153	0.000000	0.834847	0.006000	0.000000	0.006000
sage_unsup	MPSPhaseColl	0.600000	2000	MAG	4	True	27.269861	14.56	0.003326	0.081443	0.024243	0.000343	0.002879	0.080766	7.761518	24.081600	68.156882	307.745308	113.758168	11.476780	0.105557	0.327510	0.926934	0.082559	0.241839	0.675602	0.005773	0.017545	0.023318
sage_unsup	Coll	0.600000	2000	MAG	4	True	26.896647	12.40	0.003349	0.079937	0.024288	0.079295	0.000000	0.000000	100.000000	0.000000	0.000000	17.151144	nan	nan	1.360000	0.000000	0.000000	0.094033	0.242994	0.662974	0.005976	0.016648	0.022624
sage_unsup	Cliq	1.000000	2000	MAG	4	True	22.932203	14.45	0.003305	0.065296	0.023085	0.064636	0.000000	0.000000	100.000000	0.000000	0.000000	21.040906	nan	nan	1.360000	0.000000	0.000000	0.115835	0.347504	0.536661	0.010000	0.030000	0.040000
sage_unsup	MPSPhaseCliq	1.000000	2000	MAG	4	True	22.980113	15.15	0.003327	0.065378	0.023214	0.000468	0.004111	0.064684	11.231905	34.253648	54.514447	326.397236	113.317832	11.461822	0.152754	0.465850	0.741396	0.115808	0.347425	0.536766	0.010000	0.030000	0.040000
sage_unsup	Rep	1.000000	2000	MAG	4	True	30.569758	13.75	0.003287	0.093566	0.025374	0.092984	0.000000	0.000000	100.000000	0.000000	0.000000	14.626172	nan	nan	1.360000	0.000000	0.000000	0.219398	0.000000	0.780602	0.010000	0.000000	0.010000
sage_unsup	MPSPhaseRep	1.000000	2000	MAG	4	True	30.599990	15.45	0.003380	0.093630	0.025337	0.001047	0.000000	0.093021	21.323529	0.000000	78.676471	276.981853	nan	11.502779	0.290000	0.000000	1.070000	0.219379	0.000000	0.780621	0.010000	0.000000	0.010000
sage_unsup	MPSPhaseColl	1.000000	2000	MAG	4	True	23.278665	15.64	0.003337	0.066487	0.023219	0.000358	0.004007	0.065796	11.025821	33.482451	55.491728	418.858022	113.641459	11.470112	0.149951	0.455361	0.754687	0.116935	0.336314	0.546751	0.009812	0.029240	0.039051
sage_unsup	Coll	1.000000	2000	MAG	4	True	23.509011	13.86	0.003300	0.067464	0.023215	0.066809	0.000000	0.000000	100.000000	0.000000	0.000000	20.356539	nan	nan	1.360000	0.000000	0.000000	0.116861	0.327780	0.555359	0.009999	0.029612	0.039611
sage_sup	Cliq	1.000000	8000	PAU	4	True	0.872550	7.66	0.004298	0.010475	0.008748	0.009691	0.000000	0.000000	100.000000	0.000000	0.000000	52.444762	nan	nan	0.508242	0.000000	0.000000	0.201172	0.603517	0.195311	0.010000	0.030000	0.040000
sage_sup	MPSPhaseCliq	1.000000	8000	PAU	4	True	0.875206	9.39	0.004310	0.010034	0.009214	0.000255	0.002723	0.009210	19.955812	59.861671	20.182517	397.786458	111.743424	11.138750	0.101436	0.304277	0.102588	0.201148	0.603444	0.195408	0.010000	0.030000	0.040000
sage_sup	Rep	1.000000	8000	PAU	4	True	1.460443	7.98	0.004276	0.024635	0.010502	0.024043	0.000000	0.000000	100.000000	0.000000	0.000000	21.140915	nan	nan	0.508291	0.000000	0.000000	0.459988	0.000000	0.540012	0.010000	0.000000	0.010000
sage_sup	MPSPhaseRep	1.000000	8000	PAU	4	True	1.474777	9.06	0.004310	0.025059	0.010412	0.000810	0.000000	0.024436	45.815080	0.000000	54.184920	287.471065	nan	11.269873	0.232852	0.000000	0.275391	0.460177	0.000000	0.539823	0.010000	0.000000	0.010000
sage_sup	MPSPhaseColl	1.000000	8000	PAU	4	True	0.895922	9.14	0.004321	0.010524	0.009316	0.000190	0.002670	0.009691	19.779037	58.962436	21.258526	529.091283	112.238852	11.149198	0.100527	0.299678	0.108047	0.188103	0.605635	0.206262	0.009934	0.029797	0.039730
sage_sup	Coll	1.000000	8000	PAU	4	True	0.876540	7.91	0.004279	0.010532	0.008825	0.009738	0.000000	0.000000	100.000000	0.000000	0.000000	52.195651	nan	nan	0.508281	0.000000	0.000000	0.183379	0.619632	0.196989	0.009901	0.029924	0.039825
sage_sup	Cliq	2.000000	8000	PAU	4	True	0.742242	8.26	0.004276	0.007072	0.008658	0.006224	0.000000	0.000000	100.000000	0.000000	0.000000	81.667863	nan	nan	0.508301	0.000000	0.000000	0.230749	0.692246	0.077006	0.020000	0.060000	0.080000
sage_sup	MPSPhaseCliq	2.000000	8000	PAU	4	True	0.672222	10.70	0.004314	0.005247	0.008586	0.000303	0.003105	0.004326	22.795926	68.385857	8.818217	382.341945	111.928845	10.359328	0.115850	0.347539	0.044814	0.230762	0.692285	0.076953	0.020000	0.060000	0.080000
sage_sup	Rep	2.000000	8000	PAU	4	True	1.156555	8.13	0.004284	0.016821	0.010119	0.016129	0.000000	0.000000	100.000000	0.000000	0.000000	31.514106	nan	nan	0.508291	0.000000	0.000000	0.640471	0.000000	0.359529	0.020000	0.000000	0.020000
sage_sup	MPSPhaseRep	2.000000	8000	PAU	4	True	1.179194	9.79	0.004281	0.017434	0.010118	0.001049	0.000000	0.016717	63.671124	0.000000	36.328876	308.487622	nan	11.044965	0.323604	0.000000	0.184639	0.640328	0.000000	0.359672	0.020000	0.000000	0.020000
sage_sup	MPSPhaseColl	2.000000	8000	PAU	4	True	0.673846	10.22	0.004306	0.005244	0.008577	0.000359	0.003085	0.004354	22.878115	68.226975	8.894910	323.870561	112.394905	10.382425	0.116270	0.346738	0.045205	0.182362	0.739859	0.077779	0.019777	0.059770	0.079547
sage_sup	Coll	2.000000	8000	PAU	4	True	0.745946	8.32	0.004262	0.007181	0.008662	0.006332	0.000000	0.000000	100.000000	0.000000	0.000000	80.261038	nan	nan	0.508213	0.000000	0.000000	0.261462	0.660731	0.077807	0.019852	0.059702	0.079554
sage_sup	Cliq	4.000000	8000	PAU	4	True	0.676908	9.86	0.004299	0.005329	0.008626	0.004445	0.000000	0.000000	100.000000	0.000000	0.000000	114.357776	nan	nan	0.508320	0.000000	0.000000	0.246808	0.740424	0.012767	0.040000	0.120000	0.160000
sage_sup	MPSPhaseCliq	4.000000	8000	PAU	4	True	0.646808	11.76	0.004359	0.004236	0.008881	0.000056	0.003263	0.001514	24.254534	72.778973	2.966492	2201.450893	113.368641	9.959131	0.123281	0.369922	0.015078	0.246801	0.740403	0.012796	0.040000	0.120000	0.160000
sage_sup	Rep	4.000000	8000	PAU	4	True	0.862826	9.26	0.004309	0.010271	0.008706	0.009497	0.000000	0.000000	100.000000	0.000000	0.000000	53.511964	nan	nan	0.508203	0.000000	0.000000	0.804667	0.000000	0.195333	0.040000	0.000000	0.040000
sage_sup	MPSPhaseRep	4.000000	8000	PAU	4	True	0.896978	10.97	0.004316	0.010557	0.009323	0.001266	0.000000	0.009746	79.821291	0.000000	20.178709	320.422035	nan	10.522145	0.405654	0.000000	0.102549	0.804607	0.000000	0.195393	0.040000	0.000000	0.040000
sage_sup	MPSPhaseColl	4.000000	8000	PAU	4	True	0.630567	11.04	0.004330	0.003745	0.008747	0.000785	0.001604	0.002859	62.360447	32.924041	4.715513	403.724622	104.316845	8.382247	0.316924	0.167324	0.023965	0.629820	0.337719	0.032461	0.039886	0.081292	0.121178
sage_sup	Coll	4.000000	8000	PAU	4	True	0.685860	9.63	0.004300	0.005629	0.008543	0.004787	0.000000	0.000000	100.000000	0.000000	0.000000	106.161136	nan	nan	0.508193	0.000000	0.000000	0.633839	0.333103	0.033058	0.039925	0.080386	0.120311
sage_sup	Cliq	8.000000	8000	PAU	4	True	0.667312	12.25	0.004341	0.004963	0.008660	0.004079	0.000000	0.000000	100.000000	0.000000	0.000000	124.592520	nan	nan	0.508213	0.000000	0.000000	0.250000	0.750000	0.000000	0.080000	0.240000	0.320000
sage_sup	MPSPhaseCliq	8.000000	8000	PAU	4	True	0.657428	14.20	0.004391	0.004295	0.009030	0.000063	0.003314	0.000819	24.615207	73.834092	1.550700	1985.677083	113.227029	9.622539	0.125098	0.375234	0.007881	0.250000	0.750000	0.000000	0.080000	0.240000	0.320000
sage_sup	Rep	8.000000	8000	PAU	4	True	0.722362	11.91	0.004298	0.006548	0.008600	0.005710	0.000000	0.000000	100.000000	0.000000	0.000000	89.007429	nan	nan	0.508232	0.000000	0.000000	0.923045	0.000000	0.076955	0.080000	0.000000	0.080000
sage_sup	MPSPhaseRep	8.000000	8000	PAU	4	True	0.687750	13.16	0.004302	0.005699	0.008528	0.001425	0.000000	0.004839	91.177940	0.000000	8.822060	325.171327	nan	9.265134	0.463369	0.000000	0.044834	0.922985	0.000000	0.077015	0.080000	0.000000	0.080000
sage_sup	MPSPhaseColl	8.000000	8000	PAU	4	True	0.595920	13.22	0.004272	0.003280	0.008525	0.001173	0.000493	0.002410	88.662785	8.062874	3.274341	384.139559	83.116760	6.904824	0.450596	0.040977	0.016641	0.899694	0.083967	0.016339	0.079944	0.069902	0.149846
sage_sup	Coll	8.000000	8000	PAU	4	True	0.671792	11.50	0.004297	0.004857	0.008789	0.004021	0.000000	0.000000	100.000000	0.000000	0.000000	126.392106	nan	nan	0.508223	0.000000	0.000000	0.898716	0.084605	0.016680	0.079960	0.068989	0.148950
sage_sup	Cliq	11.000000	8000	PAU	4	True	0.655838	14.01	0.004267	0.004826	0.008590	0.003942	0.000000	0.000000	100.000000	0.000000	0.000000	128.905259	nan	nan	0.508145	0.000000	0.000000	0.250000	0.750000	0.000000	0.110000	0.330000	0.440000
sage_sup	MPSPhaseCliq	11.000000	8000	PAU	4	True	0.647942	15.56	0.004347	0.004278	0.008814	0.000053	0.003306	0.000737	24.676722	74.009031	1.314247	2366.413620	113.778688	9.063348	0.125420	0.376152	0.006680	0.250000	0.750000	0.000000	0.110000	0.330000	0.440000
sage_sup	Rep	11.000000	8000	PAU	4	True	0.679174	13.09	0.004288	0.005426	0.008557	0.004580	0.000000	0.000000	100.000000	0.000000	0.000000	110.974174	nan	nan	0.508262	0.000000	0.000000	0.959701	0.000000	0.040299	0.110000	0.000000	0.110000
sage_sup	MPSPhaseRep	11.000000	8000	PAU	4	True	0.626864	14.56	0.004281	0.004012	0.008626	0.001603	0.000000	0.003141	94.584158	0.000000	5.415842	299.925920	nan	8.764501	0.480781	0.000000	0.027529	0.959702	0.000000	0.040298	0.110000	0.000000	0.110000
sage_sup	MPSPhaseColl	11.000000	8000	PAU	4	True	0.597132	15.23	0.004300	0.003040	0.008772	0.001326	0.000295	0.002157	93.997502	3.003170	2.999328	360.289699	51.741261	7.067288	0.477744	0.015264	0.015244	0.954267	0.032469	0.013264	0.109983	0.048589	0.158571
sage_sup	Coll	11.000000	8000	PAU	4	True	0.659431	13.34	0.004316	0.004713	0.008710	0.003853	0.000000	0.000000	100.000000	0.000000	0.000000	131.900569	nan	nan	0.508213	0.000000	0.000000	0.954460	0.032282	0.013259	0.109870	0.048662	0.158531
sage_sup	Cliq	1.000000	8000	CF	4	True	2.503847	8.84	0.003618	0.067858	0.009251	0.067135	0.000000	0.000000	100.000000	0.000000	0.000000	16.831757	nan	nan	1.130000	0.000000	0.000000	0.083466	0.250398	0.666135	0.010000	0.030000	0.040000
sage_sup	MPSPhaseCliq	1.000000	8000	CF	4	True	2.507871	11.11	0.003617	0.067943	0.009563	0.000294	0.002483	0.067184	7.717436	24.159983	68.122580	296.622555	109.950790	11.457864	0.087207	0.273008	0.769785	0.083458	0.250375	0.666167	0.010000	0.030000	0.040000
sage_sup	Rep	1.000000	8000	CF	4	True	3.081054	9.31	0.003579	0.086479	0.009268	0.085958	0.000000	0.000000	100.000000	0.000000	0.000000	13.145955	nan	nan	1.130000	0.000000	0.000000	0.134232	0.000000	0.865768	0.010000	0.000000	0.010000
sage_sup	MPSPhaseRep	1.000000	8000	CF	4	True	3.107926	11.07	0.003664	0.086663	0.009705	0.000642	0.000000	0.086087	12.709140	0.000000	87.290860	223.696700	nan	11.458022	0.143613	0.000000	0.986387	0.134228	0.000000	0.865772	0.010000	0.000000	0.010000
sage_sup	MPSPhaseColl	1.000000	8000	CF	4	True	2.539972	11.68	0.003656	0.068632	0.009565	0.000271	0.002461	0.067858	7.547186	23.588738	68.864076	314.698167	108.310741	11.467536	0.085283	0.266553	0.778164	0.077446	0.248864	0.673691	0.009993	0.029678	0.039672
sage_sup	Coll	1.000000	8000	CF	4	True	2.541056	9.95	0.003577	0.069195	0.009125	0.068487	0.000000	0.000000	100.000000	0.000000	0.000000	16.499482	nan	nan	1.130000	0.000000	0.000000	0.079857	0.239682	0.680461	0.009946	0.029357	0.039303
sage_sup	Cliq	2.000000	8000	CF	4	True	2.014526	10.66	0.003625	0.052133	0.009150	0.051345	0.000000	0.000000	100.000000	0.000000	0.000000	22.007985	nan	nan	1.130000	0.000000	0.000000	0.125169	0.375507	0.499324	0.020000	0.060000	0.080000
sage_sup	MPSPhaseCliq	2.000000	8000	CF	4	True	2.014699	12.96	0.003594	0.052265	0.009066	0.000406	0.003656	0.051453	11.717886	36.189851	52.092264	326.138200	111.855939	11.440394	0.132412	0.408945	0.588643	0.125154	0.375462	0.499384	0.020000	0.060000	0.080000
sage_sup	Rep	2.000000	8000	CF	4	True	2.853001	10.53	0.003611	0.079000	0.009409	0.078360	0.000000	0.000000	100.000000	0.000000	0.000000	14.420623	nan	nan	1.130000	0.000000	0.000000	0.214499	0.000000	0.785501	0.020000	0.000000	0.020000
sage_sup	MPSPhaseRep	2.000000	8000	CF	4	True	2.866367	11.72	0.003619	0.079263	0.009495	0.000878	0.000000	0.078581	20.432626	0.000000	79.567374	262.971152	nan	11.441841	0.230889	0.000000	0.899111	0.214582	0.000000	0.785418	0.020000	0.000000	0.020000
sage_sup	MPSPhaseColl	2.000000	8000	CF	4	True	2.026660	12.33	0.003584	0.052575	0.009132	0.000335	0.003648	0.051763	11.690231	35.855400	52.454369	394.327192	111.065246	11.450928	0.132100	0.405166	0.592734	0.125429	0.371464	0.503108	0.019954	0.059868	0.079822
sage_sup	Coll	2.000000	8000	CF	4	True	2.088997	10.09	0.003583	0.054672	0.009083	0.053903	0.000000	0.000000	100.000000	0.000000	0.000000	20.963583	nan	nan	1.130000	0.000000	0.000000	0.140971	0.332433	0.526596	0.019600	0.055278	0.074878
sage_sup	Cliq	4.000000	8000	CF	4	True	1.391314	11.45	0.003574	0.032396	0.008869	0.031550	0.000000	0.000000	100.000000	0.000000	0.000000	35.816165	nan	nan	1.130000	0.000000	0.000000	0.176879	0.530638	0.292483	0.040000	0.120000	0.160000
sage_sup	MPSPhaseCliq	4.000000	8000	CF	4	True	1.409195	12.64	0.003610	0.032622	0.009180	0.000578	0.005146	0.031731	16.759714	51.272124	31.968162	327.655304	112.587447	11.384458	0.189385	0.579375	0.361240	0.176882	0.530645	0.292473	0.040000	0.120000	0.160000
sage_sup	Rep	4.000000	8000	CF	4	True	2.501288	10.15	0.003598	0.067819	0.009276	0.067103	0.000000	0.000000	100.000000	0.000000	0.000000	16.839784	nan	nan	1.130000	0.000000	0.000000	0.333860	0.000000	0.666140	0.040000	0.000000	0.040000
sage_sup	MPSPhaseRep	4.000000	8000	CF	4	True	2.511916	13.57	0.003587	0.068226	0.009156	0.001238	0.000000	0.067486	31.865321	0.000000	68.134679	290.854705	nan	11.408616	0.360078	0.000000	0.769922	0.333833	0.000000	0.666167	0.040000	0.000000	0.040000
sage_sup	MPSPhaseColl	4.000000	8000	CF	4	True	1.414511	13.74	0.003607	0.032954	0.009031	0.000475	0.005119	0.032066	16.702676	50.927302	32.370022	397.347862	112.420105	11.407137	0.188740	0.575479	0.365781	0.185369	0.517831	0.296800	0.039965	0.119662	0.159627
sage_sup	Coll	4.000000	8000	CF	4	True	1.403018	10.91	0.003587	0.032693	0.008910	0.031849	0.000000	0.000000	100.000000	0.000000	0.000000	35.479921	nan	nan	1.130000	0.000000	0.000000	0.179365	0.524849	0.295786	0.039399	0.118901	0.158300
sage_sup	Cliq	6.000000	8000	CF	4	True	1.082381	12.72	0.003633	0.022198	0.009031	0.021212	0.000000	0.000000	100.000000	0.000000	0.000000	53.271733	nan	nan	1.130000	0.000000	0.000000	0.207435	0.622305	0.170260	0.060000	0.180000	0.240000
sage_sup	MPSPhaseCliq	6.000000	8000	CF	4	True	1.044579	15.58	0.003614	0.020869	0.009100	0.000675	0.006028	0.019845	19.781872	60.375761	19.842367	331.163194	113.179511	11.298501	0.223535	0.682246	0.224219	0.207434	0.622302	0.170265	0.060000	0.180000	0.240000
sage_sup	Rep	6.000000	8000	CF	4	True	2.232840	11.96	0.003593	0.059302	0.009073	0.058447	0.000000	0.000000	100.000000	0.000000	0.000000	19.333755	nan	nan	1.130000	0.000000	0.000000	0.425605	0.000000	0.574395	0.060000	0.000000	0.060000
sage_sup	MPSPhaseRep	6.000000	8000	CF	4	True	2.277002	15.39	0.003706	0.059831	0.009687	0.001514	0.000000	0.058932	40.686359	0.000000	59.313641	303.669656	nan	11.373178	0.459756	0.000000	0.670244	0.425582	0.000000	0.574418	0.060000	0.000000	0.060000
sage_sup	MPSPhaseColl	6.000000	8000	CF	4	True	1.029227	13.87	0.003571	0.020778	0.008875	0.000570	0.006041	0.019768	19.761995	60.313537	19.924468	391.772889	112.819561	11.389442	0.223311	0.681543	0.225146	0.226546	0.601762	0.171692	0.059900	0.179324	0.239225
sage_sup	Coll	6.000000	8000	CF	4	True	1.089293	12.12	0.003654	0.022294	0.009105	0.021297	0.000000	0.000000	100.000000	0.000000	0.000000	53.059116	nan	nan	1.130000	0.000000	0.000000	0.194621	0.633359	0.172021	0.059563	0.178860	0.238423
sage_sup	Cliq	8.000000	8000	CF	4	True	0.911878	14.21	0.003583	0.016963	0.008838	0.016043	0.000000	0.000000	100.000000	0.000000	0.000000	70.435704	nan	nan	1.130000	0.000000	0.000000	0.226009	0.678026	0.095965	0.080000	0.240000	0.320000
sage_sup	MPSPhaseCliq	8.000000	8000	CF	4	True	0.808643	15.38	0.003617	0.013453	0.009091	0.000733	0.006581	0.012491	21.669317	65.980192	12.350491	334.056318	113.292231	11.172888	0.244863	0.745576	0.139561	0.226010	0.678029	0.095961	0.080000	0.240000	0.320000
sage_sup	Rep	8.000000	8000	CF	4	True	2.012072	13.30	0.003584	0.052127	0.009164	0.051339	0.000000	0.000000	100.000000	0.000000	0.000000	22.010557	nan	nan	1.130000	0.000000	0.000000	0.500643	0.000000	0.499357	0.080000	0.000000	0.080000
sage_sup	MPSPhaseRep	8.000000	8000	CF	4	True	2.035778	15.57	0.003617	0.052734	0.009251	0.001740	0.000000	0.051924	47.914650	0.000000	52.085350	311.169855	nan	11.335114	0.541436	0.000000	0.588564	0.500720	0.000000	0.499280	0.080000	0.000000	0.080000
sage_sup	MPSPhaseColl	8.000000	8000	CF	4	True	0.802808	14.82	0.003578	0.013235	0.009100	0.000689	0.006615	0.012282	21.754010	65.892907	12.353084	356.778393	112.560823	11.365400	0.245820	0.744590	0.139590	0.226302	0.677125	0.096573	0.079704	0.239367	0.319071
sage_sup	Coll	8.000000	8000	CF	4	True	0.924828	13.66	0.003589	0.017249	0.008923	0.016323	0.000000	0.000000	100.000000	0.000000	0.000000	69.227470	nan	nan	1.130000	0.000000	0.000000	0.180511	0.722929	0.096560	0.079399	0.239728	0.319128
sage_sup	Cliq	0.200000	4000	MAG	4	True	3.287522	9.11	0.002147	0.032300	0.013166	0.031864	0.000000	0.000000	100.000000	0.000000	0.000000	25.833670	nan	nan	0.823164	0.000000	0.000000	0.140172	0.420517	0.439310	0.002000	0.006000	0.008000
sage_sup	MPSPhaseCliq	0.200000	4000	MAG	4	True	3.282663	10.86	0.002124	0.032332	0.013117	0.000354	0.003067	0.031868	13.913796	41.747319	44.338884	323.617364	112.073840	11.455641	0.114561	0.343730	0.365068	0.140163	0.420488	0.439349	0.002000	0.006000	0.008000
sage_sup	Rep	0.200000	4000	MAG	4	True	4.769920	9.08	0.002166	0.053685	0.013225	0.053365	0.000000	0.000000	100.000000	0.000000	0.000000	15.426448	nan	nan	0.823232	0.000000	0.000000	0.258186	0.000000	0.741814	0.002000	0.000000	0.002000
sage_sup	MPSPhaseRep	0.200000	4000	MAG	4	True	4.771422	10.84	0.002157	0.053739	0.013180	0.000798	0.000000	0.053395	25.647017	0.000000	74.352983	264.614172	nan	11.465076	0.211162	0.000000	0.612178	0.258165	0.000000	0.741835	0.002000	0.000000	0.002000
sage_sup	MPSPhaseColl	0.200000	4000	MAG	4	True	3.379772	10.86	0.002171	0.033576	0.013258	0.000366	0.002954	0.033121	13.567404	40.272819	46.159777	305.189122	112.241875	11.473968	0.111699	0.331562	0.380029	0.151694	0.390521	0.457785	0.001861	0.005612	0.007473
sage_sup	Coll	0.200000	4000	MAG	4	True	3.301455	8.87	0.002118	0.032611	0.013061	0.032177	0.000000	0.000000	100.000000	0.000000	0.000000	25.584499	nan	nan	0.823232	0.000000	0.000000	0.160333	0.395856	0.443810	0.001989	0.005873	0.007862
sage_sup	Cliq	0.600000	4000	MAG	4	True	2.087413	10.35	0.002158	0.015061	0.012963	0.014564	0.000000	0.000000	100.000000	0.000000	0.000000	56.527842	nan	nan	0.823271	0.000000	0.000000	0.206904	0.620711	0.172385	0.006000	0.018000	0.024000
sage_sup	MPSPhaseCliq	0.600000	4000	MAG	4	True	1.982590	12.32	0.002128	0.013545	0.012962	0.000503	0.004477	0.013028	20.489460	61.471939	18.038602	335.331759	113.032147	11.398226	0.168672	0.506045	0.148496	0.206919	0.620758	0.172322	0.006000	0.018000	0.024000
sage_sup	Rep	0.600000	4000	MAG	4	True	3.633950	10.78	0.002110	0.037418	0.013089	0.037018	0.000000	0.000000	100.000000	0.000000	0.000000	22.238706	nan	nan	0.823232	0.000000	0.000000	0.487877	0.000000	0.512123	0.006000	0.000000	0.006000
sage_sup	MPSPhaseRep	0.600000	4000	MAG	4	True	3.641815	11.74	0.002128	0.037547	0.013055	0.001322	0.000000	0.037121	48.447212	0.000000	51.552788	301.692807	nan	11.432997	0.398838	0.000000	0.424404	0.487874	0.000000	0.512126	0.006000	0.000000	0.006000
sage_sup	MPSPhaseColl	0.600000	4000	MAG	4	True	1.994870	12.08	0.002104	0.013810	0.012937	0.000420	0.004468	0.013299	20.388142	61.135957	18.475901	399.623326	112.643468	11.436921	0.167842	0.503291	0.152100	0.226831	0.596424	0.176744	0.005942	0.017537	0.023479
sage_sup	Coll	0.600000	4000	MAG	4	True	2.118190	11.44	0.002133	0.015656	0.012837	0.015170	0.000000	0.000000	100.000000	0.000000	0.000000	54.269065	nan	nan	0.823262	0.000000	0.000000	0.192032	0.622676	0.185292	0.005996	0.016620	0.022616
sage_sup	Cliq	1.000000	4000	MAG	4	True	1.783416	12.18	0.002156	0.010762	0.012903	0.010245	0.000000	0.000000	100.000000	0.000000	0.000000	80.365041	nan	nan	0.823340	0.000000	0.000000	0.229286	0.687858	0.082856	0.010000	0.030000	0.040000
sage_sup	MPSPhaseCliq	1.000000	4000	MAG	4	True	1.545209	13.57	0.002120	0.007378	0.012831	0.000554	0.004936	0.006844	22.646926	67.945524	9.407550	336.508630	113.313697	11.315226	0.186426	0.559316	0.077441	0.229291	0.687872	0.082837	0.010000	0.030000	0.040000
sage_sup	Rep	1.000000	4000	MAG	4	True	3.002410	12.25	0.002144	0.028188	0.013152	0.027751	0.000000	0.000000	100.000000	0.000000	0.000000	29.666020	nan	nan	0.823262	0.000000	0.000000	0.618296	0.000000	0.381704	0.010000	0.000000	0.010000
sage_sup	MPSPhaseRep	1.000000	4000	MAG	4	True	3.020839	13.14	0.002157	0.028386	0.013163	0.001617	0.000000	0.027924	61.365524	0.000000	38.634476	312.385252	nan	11.388683	0.505127	0.000000	0.318018	0.618275	0.000000	0.381725	0.010000	0.000000	0.010000
sage_sup	MPSPhaseColl	1.000000	4000	MAG	4	True	1.561173	13.88	0.002138	0.007438	0.012951	0.000496	0.004944	0.006902	22.829014	67.628255	9.542732	378.929877	112.616777	11.382853	0.187949	0.556777	0.078564	0.255392	0.660260	0.084348	0.009854	0.029773	0.039626
sage_sup	Coll	1.000000	4000	MAG	4	True	1.805037	12.12	0.002151	0.011014	0.012876	0.010496	0.000000	0.000000	100.000000	0.000000	0.000000	78.425524	nan	nan	0.823154	0.000000	0.000000	0.249604	0.664220	0.086176	0.009980	0.029341	0.039321
sage_sup	Cliq	0.200000	8000	MAG	4	True	3.014474	11.03	0.003689	0.062430	0.022530	0.061746	0.000000	0.000000	100.000000	0.000000	0.000000	24.455025	nan	nan	1.510000	0.000000	0.000000	0.133551	0.400653	0.465796	0.002000	0.006000	0.008000
sage_sup	MPSPhaseCliq	0.200000	8000	MAG	4	True	3.023041	12.28	0.003696	0.062492	0.022662	0.000594	0.005282	0.061779	13.479149	39.619981	46.900869	342.651778	113.264241	11.463493	0.203535	0.598262	0.708203	0.133508	0.400525	0.465967	0.002000	0.006000	0.008000
sage_sup	Rep	0.200000	8000	MAG	4	True	4.373814	9.94	0.003728	0.101818	0.023003	0.101350	0.000000	0.000000	100.000000	0.000000	0.000000	14.898865	nan	nan	1.510000	0.000000	0.000000	0.229533	0.000000	0.770467	0.002000	0.000000	0.002000
sage_sup	MPSPhaseRep	0.200000	8000	MAG	4	True	4.373076	12.17	0.003738	0.101867	0.022885	0.001173	0.000000	0.101376	23.178808	0.000000	76.821192	298.380222	nan	11.442551	0.350000	0.000000	1.160000	0.229523	0.000000	0.770477	0.002000	0.000000	0.002000
sage_sup	MPSPhaseColl	0.200000	8000	MAG	4	True	3.092076	12.12	0.003750	0.064097	0.022978	0.001036	0.005059	0.063372	13.723613	38.137676	48.138711	200.025639	113.832557	11.470279	0.207227	0.575879	0.726895	0.139746	0.381699	0.478555	0.001956	0.005835	0.007791
sage_sup	Coll	0.200000	8000	MAG	4	True	3.049051	10.89	0.003671	0.063343	0.022608	0.062673	0.000000	0.000000	100.000000	0.000000	0.000000	24.093310	nan	nan	1.510000	0.000000	0.000000	0.132725	0.394180	0.473095	0.001944	0.005875	0.007819
sage_sup	Cliq	0.600000	8000	MAG	4	True	1.867797	11.97	0.003714	0.028585	0.022566	0.027796	0.000000	0.000000	100.000000	0.000000	0.000000	54.324363	nan	nan	1.510000	0.000000	0.000000	0.203684	0.611051	0.185265	0.006000	0.018000	0.024000
sage_sup	MPSPhaseCliq	0.600000	8000	MAG	4	True	1.786476	13.74	0.003690	0.026403	0.022397	0.000881	0.007984	0.025593	20.368766	60.270721	19.360513	349.112780	113.988964	11.422801	0.307568	0.910088	0.292344	0.203699	0.611097	0.185204	0.006000	0.018000	0.024000
sage_sup	Rep	0.600000	8000	MAG	4	True	3.353652	11.92	0.003705	0.072063	0.022847	0.071446	0.000000	0.000000	100.000000	0.000000	0.000000	21.134843	nan	nan	1.510000	0.000000	0.000000	0.459250	0.000000	0.540750	0.006000	0.000000	0.006000
sage_sup	MPSPhaseRep	0.600000	8000	MAG	4	True	3.363339	14.09	0.003737	0.072252	0.022799	0.002128	0.000000	0.071597	45.718000	0.000000	54.282000	324.408739	nan	11.448220	0.690342	0.000000	0.819658	0.459195	0.000000	0.540805	0.006000	0.000000	0.006000
sage_sup	MPSPhaseColl	0.600000	8000	MAG	4	True	1.835580	14.18	0.003717	0.027644	0.022578	0.001165	0.007858	0.026830	20.558904	59.123422	20.317674	266.471634	113.612073	11.434844	0.310439	0.892764	0.306797	0.176809	0.628201	0.194990	0.005935	0.017268	0.023203
sage_sup	Coll	0.600000	8000	MAG	4	True	1.869616	12.95	0.003682	0.028857	0.022387	0.028075	0.000000	0.000000	100.000000	0.000000	0.000000	53.784506	nan	nan	1.510000	0.000000	0.000000	0.209728	0.601453	0.188818	0.005896	0.017841	0.023737
sage_sup	Cliq	1.000000	8000	MAG	4	True	1.569036	13.97	0.003673	0.020128	0.022304	0.019310	0.000000	0.000000	100.000000	0.000000	0.000000	78.197825	nan	nan	1.510000	0.000000	0.000000	0.227692	0.683076	0.089232	0.010000	0.030000	0.040000
sage_sup	MPSPhaseCliq	1.000000	8000	MAG	4	True	1.372183	15.62	0.003671	0.014322	0.022286	0.000977	0.008889	0.013467	22.980909	66.887417	10.131674	355.180879	113.623580	11.360235	0.347012	1.010000	0.152988	0.227690	0.683069	0.089242	0.010000	0.030000	0.040000
sage_sup	Rep	1.000000	8000	MAG	4	True	2.760457	13.73	0.003719	0.054657	0.022741	0.053973	0.000000	0.000000	100.000000	0.000000	0.000000	27.976951	nan	nan	1.510000	0.000000	0.000000	0.593951	0.000000	0.406049	0.010000	0.000000	0.010000
sage_sup	MPSPhaseRep	1.000000	8000	MAG	4	True	2.760821	15.52	0.003686	0.054953	0.022568	0.002683	0.000000	0.054243	59.010891	0.000000	40.989109	332.114966	nan	11.410422	0.891064	0.000000	0.618936	0.594012	0.000000	0.405988	0.010000	0.000000	0.010000
sage_sup	MPSPhaseColl	1.000000	8000	MAG	4	True	1.388139	15.70	0.003694	0.014594	0.022455	0.001239	0.008828	0.013732	23.442674	66.225166	10.332161	285.701675	113.275940	11.361464	0.353984	1.000000	0.156016	0.239878	0.668751	0.091371	0.009959	0.029551	0.039509
sage_sup	Coll	1.000000	8000	MAG	4	True	1.578031	13.47	0.003679	0.020452	0.022231	0.019631	0.000000	0.000000	100.000000	0.000000	0.000000	76.919158	nan	nan	1.510000	0.000000	0.000000	0.255882	0.652797	0.091322	0.009957	0.029557	0.039515
