short_app	policy_impl	cache_percentage	batchsize	dataset_short	num_worker	use_amp	epoch_e2e_time	cuda_usage	Step(average) L1 sample	Step(average) L2 feat copy	Step(average) L1 train total	Time.L	Time.R	Time.C	Wght.L	Wght.R	Wght.C	Thpt.L	Thpt.R	Thpt.C	SizeGB.L	SizeGB.R	SizeGB.C	optimal_local_rate	optimal_remote_rate	optimal_cpu_rate	coll_cache:local_cache_rate	coll_cache:remote_cache_rate	coll_cache:global_cache_rate	coll_cache:solve_time
sage_unsup	Cliq	1.000000	2000	PAU	8	True	14.659174	7.75	0.004221	0.102257	0.010725	0.101443	0.000000	0.000000	100.000000	0.000000	0.000000	5.422630	nan	nan	0.550088	0.000000	0.000000	0.076460	0.229380	0.694161	0.010000	0.030000	0.040000	None
sage_unsup	Rep	1.000000	2000	PAU	8	True	17.862832	7.92	0.004285	0.125898	0.012766	0.125189	0.000000	0.000000	100.000000	0.000000	0.000000	4.394449	nan	nan	0.550137	0.000000	0.000000	0.141304	0.000000	0.858696	0.010000	0.000000	0.010000	None
sage_unsup	MPSPhaseColl	1.000000	2000	PAU	8	True	17.357407	10.36	0.004429	0.121671	0.012703	0.000789	0.001525	0.120790	7.161879	20.974328	71.863793	49.929697	75.653176	3.272564	0.039395	0.115371	0.395293	0.068345	0.215920	0.715735	0.009989	0.029262	0.039251	15.610000
sage_unsup	Coll	1.000000	2000	PAU	8	True	15.229794	8.01	0.004232	0.106308	0.011216	0.105498	0.000000	0.000000	100.000000	0.000000	0.000000	5.213739	nan	nan	0.550039	0.000000	0.000000	0.069811	0.209014	0.721175	0.009987	0.029096	0.039083	22.910000
sage_unsup	WG	1.000000	2000	PAU	8	True	2.957266	23.15	0.004225	0.008735	0.010673	0.000000	0.000000	0.000000	nan	nan	nan	nan	nan	nan	0.000000	0.000000	0.000000	None	None	None	0.010000	0	0.010000	None
sage_unsup	Cliq	2.000000	2000	PAU	8	True	12.061628	8.42	0.004282	0.081762	0.010416	0.080884	0.000000	0.000000	100.000000	0.000000	0.000000	6.802397	nan	nan	0.550205	0.000000	0.000000	0.110431	0.331294	0.558275	0.020000	0.060000	0.080000	None
sage_unsup	Rep	2.000000	2000	PAU	8	True	16.561075	8.21	0.004216	0.116313	0.011890	0.115550	0.000000	0.000000	100.000000	0.000000	0.000000	4.761535	nan	nan	0.550195	0.000000	0.000000	0.208989	0.000000	0.791011	0.020000	0.000000	0.020000	None
sage_unsup	MPSPhaseColl	2.000000	2000	PAU	8	True	14.605604	10.74	0.004445	0.100865	0.011319	0.001075	0.002021	0.099939	10.852658	30.031251	59.116091	55.523256	81.724896	3.253254	0.059687	0.165166	0.325127	0.106544	0.307502	0.585953	0.019996	0.056238	0.076234	26.260000
sage_unsup	Coll	2.000000	2000	PAU	8	True	12.355640	8.42	0.004205	0.084573	0.009956	0.083719	0.000000	0.000000	100.000000	0.000000	0.000000	6.571929	nan	nan	0.550195	0.000000	0.000000	0.122750	0.300539	0.576711	0.019927	0.056637	0.076565	7.340000
sage_unsup	WG	2.000000	2000	PAU	8	True	2.957266	23.15	0.004225	0.008735	0.010673	0.000000	0.000000	0.000000	nan	nan	nan	nan	nan	nan	0.000000	0.000000	0.000000	None	None	None	0.020000	0	0.020000	None
sage_unsup	Cliq	4.000000	2000	PAU	8	True	8.581867	9.70	0.004215	0.054877	0.009470	0.053938	0.000000	0.000000	100.000000	0.000000	0.000000	10.199609	nan	nan	0.550146	0.000000	0.000000	0.156026	0.468078	0.375897	0.040000	0.120000	0.160000	None
sage_unsup	Rep	4.000000	2000	PAU	8	True	14.633828	9.33	0.004211	0.101947	0.010924	0.101133	0.000000	0.000000	100.000000	0.000000	0.000000	5.439156	nan	nan	0.550078	0.000000	0.000000	0.305897	0.000000	0.694103	0.040000	0.000000	0.040000	None
sage_unsup	MPSPhaseColl	4.000000	2000	PAU	8	True	10.632773	11.78	0.004411	0.070399	0.010152	0.001467	0.002759	0.069398	14.882664	44.248589	40.868747	55.811179	88.230422	3.239776	0.081875	0.243428	0.224834	0.136362	0.462756	0.400882	0.039907	0.117092	0.156998	18.780000
sage_unsup	Coll	4.000000	2000	PAU	8	True	9.198440	10.25	0.004224	0.060000	0.009305	0.059075	0.000000	0.000000	100.000000	0.000000	0.000000	9.310860	nan	nan	0.550039	0.000000	0.000000	0.157705	0.431419	0.410877	0.039912	0.112444	0.152357	26.100000
sage_unsup	WG	4.000000	2000	PAU	8	True	2.957266	23.15	0.004225	0.008735	0.010673	0.000000	0.000000	0.000000	nan	nan	nan	nan	nan	nan	0.000000	0.000000	0.000000	None	None	None	0.040000	0	0.040000	None
sage_unsup	Cliq	8.000000	2000	PAU	8	True	5.001902	12.35	0.004230	0.027107	0.008630	0.026087	0.000000	0.000000	100.000000	0.000000	0.000000	21.087042	nan	nan	0.550098	0.000000	0.000000	0.208507	0.625520	0.165973	0.080000	0.240000	0.320000	None
sage_unsup	Rep	8.000000	2000	PAU	8	True	12.000831	11.85	0.004265	0.081733	0.009979	0.080856	0.000000	0.000000	100.000000	0.000000	0.000000	6.802941	nan	nan	0.550059	0.000000	0.000000	0.441769	0.000000	0.558231	0.080000	0.000000	0.080000	None
sage_unsup	MPSPhaseColl	8.000000	2000	PAU	8	True	5.903884	14.12	0.004397	0.032979	0.009574	0.001927	0.003661	0.031901	20.380990	60.905072	18.713938	58.178191	91.510388	3.226841	0.112109	0.335020	0.102939	0.222165	0.599632	0.178204	0.079993	0.238953	0.318946	18.610000
sage_unsup	Coll	8.000000	2000	PAU	8	True	5.217146	12.32	0.004254	0.029170	0.008354	0.028154	0.000000	0.000000	100.000000	0.000000	0.000000	19.543390	nan	nan	0.550225	0.000000	0.000000	0.201087	0.615038	0.183875	0.079785	0.237689	0.317474	20.210000
sage_unsup	WG	8.000000	2000	PAU	8	True	2.957266	23.15	0.004225	0.008735	0.010673	0.000000	0.000000	0.000000	nan	nan	nan	nan	nan	nan	0.000000	0.000000	0.000000	None	None	None	0.080000	0	0.080000	None
sage_unsup	Cliq	12.000000	2000	PAU	8	True	3.535956	14.71	0.004238	0.016157	0.007830	0.015067	0.000000	0.000000	100.000000	0.000000	0.000000	36.512043	nan	nan	0.550127	0.000000	0.000000	0.233929	0.701788	0.064283	0.120000	0.360000	0.480000	None
sage_unsup	Rep	12.000000	2000	PAU	8	True	10.141570	13.72	0.004229	0.066975	0.009909	0.065990	0.000000	0.000000	100.000000	0.000000	0.000000	8.339628	nan	nan	0.550332	0.000000	0.000000	0.543018	0.000000	0.456982	0.120000	0.000000	0.120000	None
sage_unsup	MPSPhaseColl	12.000000	2000	PAU	8	True	3.458187	16.52	0.004375	0.014469	0.008716	0.001961	0.004022	0.013319	23.693132	68.438149	7.868719	66.471985	93.615972	3.250320	0.130352	0.376523	0.043291	0.250753	0.678388	0.070858	0.119912	0.354815	0.474727	23.620000
sage_unsup	Coll	12.000000	2000	PAU	8	True	3.623045	14.45	0.004244	0.016795	0.007876	0.015702	0.000000	0.000000	100.000000	0.000000	0.000000	35.039202	nan	nan	0.550186	0.000000	0.000000	0.242089	0.687068	0.070843	0.118028	0.356770	0.474799	50.590000
sage_unsup	WG	12.000000	2000	PAU	8	True	2.957266	23.15	0.004225	0.008735	0.010673	0.000000	0.000000	0.000000	nan	nan	nan	nan	nan	nan	0.000000	0.000000	0.000000	None	None	None	0.120000	0	0.120000	None
sage_unsup	Cliq	16.000000	2000	PAU	8	True	2.864441	17.83	0.004202	0.011133	0.007513	0.010059	0.000000	0.000000	100.000000	0.000000	0.000000	54.704587	nan	nan	0.550273	0.000000	0.000000	0.245034	0.735101	0.019865	0.160000	0.480000	0.640000	None
sage_unsup	Rep	16.000000	2000	PAU	8	True	8.596216	16.06	0.004253	0.054890	0.009551	0.053950	0.000000	0.000000	100.000000	0.000000	0.000000	10.196616	nan	nan	0.550107	0.000000	0.000000	0.624008	0.000000	0.375992	0.160000	0.000000	0.160000	None
sage_unsup	MPSPhaseColl	16.000000	2000	PAU	8	True	2.309253	19.36	0.004351	0.006230	0.007917	0.000369	0.004714	0.004670	24.855307	72.407059	2.737634	370.511518	84.489022	3.224538	0.136719	0.398281	0.015059	0.258782	0.720728	0.020490	0.159945	0.477810	0.637754	142.790000
sage_unsup	Coll	16.000000	2000	PAU	8	True	2.843567	17.56	0.004250	0.010660	0.007673	0.009579	0.000000	0.000000	100.000000	0.000000	0.000000	57.435618	nan	nan	0.550176	0.000000	0.000000	0.262473	0.717044	0.020483	0.159917	0.477801	0.637719	83.620000
sage_unsup	WG	16.000000	2000	PAU	8	True	2.957266	23.15	0.004225	0.008735	0.010673	0.000000	0.000000	0.000000	nan	nan	nan	nan	nan	nan	0.000000	0.000000	0.000000	None	None	None	0.160000	0	0.160000	None
sage_unsup	Cliq	20.000000	2000	PAU	8	True	2.661039	19.95	0.004311	0.009128	0.007766	0.008047	0.000000	0.000000	100.000000	0.000000	0.000000	68.369084	nan	nan	0.550166	0.000000	0.000000	0.249183	0.747548	0.003269	0.200000	0.600000	0.800000	None
sage_unsup	Rep	20.000000	2000	PAU	8	True	7.370242	17.92	0.004236	0.044926	0.009746	0.043930	0.000000	0.000000	100.000000	0.000000	0.000000	12.524142	nan	nan	0.550186	0.000000	0.000000	0.691099	0.000000	0.308901	0.200000	0.000000	0.200000	None
sage_unsup	MPSPhaseColl	20.000000	2000	PAU	8	True	2.504170	21.51	0.004341	0.007951	0.007847	0.000533	0.006306	0.003542	39.322672	58.673388	2.003940	405.905546	51.191326	3.112759	0.216348	0.322813	0.011025	0.390592	0.595515	0.013893	0.199935	0.508348	0.708283	67.330000
sage_unsup	Coll	20.000000	2000	PAU	8	True	2.557420	19.43	0.004232	0.008560	0.007608	0.007489	0.000000	0.000000	100.000000	0.000000	0.000000	73.461911	nan	nan	0.550156	0.000000	0.000000	0.431177	0.554922	0.013901	0.199978	0.508507	0.708485	82.170000
sage_unsup	WG	20.000000	2000	PAU	8	True	2.957266	23.15	0.004225	0.008735	0.010673	0.000000	0.000000	0.000000	nan	nan	nan	nan	nan	nan	0.000000	0.000000	0.000000	None	None	None	0.200000	0	0.200000	None
sage_unsup	Cliq	25.000000	2000	PAU	8	True	2.545696	22.33	0.004209	0.008578	0.007526	0.007493	0.000000	0.000000	100.000000	0.000000	0.000000	73.408358	nan	nan	0.550049	0.000000	0.000000	0.250000	0.750000	0.000000	0.250000	0.750000	1.000000	None
sage_unsup	Rep	25.000000	2000	PAU	8	True	6.103026	21.10	0.004287	0.035247	0.009249	0.034160	0.000000	0.000000	100.000000	0.000000	0.000000	16.100703	nan	nan	0.550000	0.000000	0.000000	0.759814	0.000000	0.240186	0.250000	0.000000	0.250000	None
sage_unsup	MPSPhaseColl	25.000000	2000	PAU	8	True	2.595329	24.95	0.004360	0.008439	0.007908	0.000841	0.006493	0.002536	53.779916	44.911583	1.308501	351.736679	38.045780	2.838038	0.295811	0.247031	0.007197	0.541750	0.450421	0.007829	0.249878	0.532805	0.782683	41.020000
sage_unsup	Coll	25.000000	2000	PAU	8	True	2.447250	22.33	0.004296	0.007650	0.007593	0.006579	0.000000	0.000000	100.000000	0.000000	0.000000	83.631987	nan	nan	0.550215	0.000000	0.000000	0.548875	0.442891	0.008235	0.247842	0.525241	0.773084	62.900000
sage_unsup	WG	25.000000	2000	PAU	8	True	2.957266	23.15	0.004225	0.008735	0.010673	0.000000	0.000000	0.000000	nan	nan	nan	nan	nan	nan	0.000000	0.000000	0.000000	None	None	None	0.250000	0	0.250000	None
sage_unsup	Cliq	1.000000	4000	PAU	8	True	28.017779	9.17	0.007645	0.197339	0.019262	0.195919	0.000000	0.000000	100.000000	0.000000	0.000000	5.461441	nan	nan	1.070000	0.000000	0.000000	0.073149	0.219446	0.707406	0.010000	0.030000	0.040000	None
sage_unsup	Rep	1.000000	4000	PAU	8	True	34.142371	9.60	0.007654	0.243075	0.022346	0.241897	0.000000	0.000000	100.000000	0.000000	0.000000	4.423370	nan	nan	1.070000	0.000000	0.000000	0.129433	0.000000	0.870567	0.010000	0.000000	0.010000	None
sage_unsup	MPSPhaseColl	1.000000	4000	PAU	8	True	32.044707	11.83	0.007845	0.225786	0.022488	0.001213	0.002470	0.224301	7.135295	20.379125	72.485580	62.941184	88.282041	3.457834	0.076348	0.218057	0.775596	0.059070	0.215473	0.725457	0.009999	0.029990	0.039989	13.470000
sage_unsup	Coll	1.000000	4000	PAU	8	True	28.868991	9.18	0.007693	0.203432	0.019718	0.202022	0.000000	0.000000	100.000000	0.000000	0.000000	5.296453	nan	nan	1.070000	0.000000	0.000000	0.071205	0.201054	0.727741	0.009974	0.029483	0.039457	17.550000
sage_unsup	WG	1.000000	4000	PAU	8	True	5.468541	27.18	0.007626	0.016820	0.019237	0.000000	0.000000	0.000000	nan	nan	nan	nan	nan	nan	0.000000	0.000000	0.000000	None	None	None	0.010000	0	0.010000	None
sage_unsup	Cliq	2.000000	4000	PAU	8	True	22.460830	10.35	0.007663	0.155457	0.016517	0.153925	0.000000	0.000000	100.000000	0.000000	0.000000	6.951437	nan	nan	1.070000	0.000000	0.000000	0.107216	0.321649	0.571135	0.020000	0.060000	0.080000	None
sage_unsup	Rep	2.000000	4000	PAU	8	True	31.668716	10.16	0.007653	0.224703	0.020928	0.223389	0.000000	0.000000	100.000000	0.000000	0.000000	4.789851	nan	nan	1.070000	0.000000	0.000000	0.196201	0.000000	0.803799	0.020000	0.000000	0.020000	None
sage_unsup	MPSPhaseColl	2.000000	4000	PAU	8	True	27.454772	11.81	0.007847	0.191349	0.020381	0.001935	0.003360	0.189447	10.978570	28.470904	60.550526	60.708374	90.666271	3.419904	0.117471	0.304639	0.647891	0.136891	0.258410	0.604699	0.019989	0.053727	0.073716	11.400000
sage_unsup	Coll	2.000000	4000	PAU	8	True	23.771671	10.38	0.007809	0.164918	0.017253	0.163386	0.000000	0.000000	100.000000	0.000000	0.000000	6.548909	nan	nan	1.070000	0.000000	0.000000	0.097489	0.300594	0.601917	0.019831	0.058689	0.078520	26.180000
sage_unsup	WG	2.000000	4000	PAU	8	True	5.468541	27.18	0.007626	0.016820	0.019237	0.000000	0.000000	0.000000	nan	nan	nan	nan	nan	nan	0.000000	0.000000	0.000000	None	None	None	0.020000	0	0.020000	None
sage_unsup	Cliq	4.000000	4000	PAU	8	True	15.894367	10.69	0.007688	0.102567	0.016915	0.100889	0.000000	0.000000	100.000000	0.000000	0.000000	10.605715	nan	nan	1.070000	0.000000	0.000000	0.153230	0.459689	0.387082	0.040000	0.120000	0.160000	None
sage_unsup	Rep	4.000000	4000	PAU	8	True	27.956140	10.79	0.007721	0.196508	0.019400	0.195078	0.000000	0.000000	100.000000	0.000000	0.000000	5.484985	nan	nan	1.070000	0.000000	0.000000	0.292635	0.000000	0.707365	0.040000	0.000000	0.040000	None
sage_unsup	MPSPhaseColl	4.000000	4000	PAU	8	True	19.767821	14.27	0.007776	0.132278	0.017894	0.002295	0.004893	0.130538	14.972437	43.961741	41.065822	69.806134	96.135423	3.366103	0.160205	0.470391	0.439404	0.157458	0.434760	0.407782	0.039937	0.119392	0.159329	17.740000
sage_unsup	Coll	4.000000	4000	PAU	8	True	17.171978	12.18	0.007657	0.113161	0.016494	0.111519	0.000000	0.000000	100.000000	0.000000	0.000000	9.594778	nan	nan	1.070000	0.000000	0.000000	0.157972	0.416811	0.425217	0.039964	0.115294	0.155258	22.060000
sage_unsup	WG	4.000000	4000	PAU	8	True	5.468541	27.18	0.007626	0.016820	0.019237	0.000000	0.000000	0.000000	nan	nan	nan	nan	nan	nan	0.000000	0.000000	0.000000	None	None	None	0.040000	0	0.040000	None
sage_unsup	Cliq	8.000000	4000	PAU	8	True	8.972056	14.30	0.007686	0.050141	0.013904	0.048295	0.000000	0.000000	100.000000	0.000000	0.000000	22.155503	nan	nan	1.070000	0.000000	0.000000	0.206706	0.620118	0.173176	0.080000	0.240000	0.320000	None
sage_unsup	Rep	8.000000	4000	PAU	8	True	22.530746	13.54	0.007692	0.155475	0.016944	0.153943	0.000000	0.000000	100.000000	0.000000	0.000000	6.950625	nan	nan	1.070000	0.000000	0.000000	0.428884	0.000000	0.571116	0.080000	0.000000	0.080000	None
sage_unsup	MPSPhaseColl	8.000000	4000	PAU	8	True	11.282892	15.86	0.007796	0.065470	0.016968	0.003099	0.006482	0.063566	21.164026	59.056476	19.779498	73.073597	97.486007	3.329463	0.226455	0.631904	0.211641	0.234072	0.572169	0.193758	0.079972	0.231527	0.311499	18.940000
sage_unsup	Coll	8.000000	4000	PAU	8	True	9.285009	14.28	0.007607	0.052909	0.013725	0.051091	0.000000	0.000000	100.000000	0.000000	0.000000	20.943023	nan	nan	1.070000	0.000000	0.000000	0.210467	0.602522	0.187011	0.079906	0.236965	0.316871	33.810000
sage_unsup	WG	8.000000	4000	PAU	8	True	5.468541	27.18	0.007626	0.016820	0.019237	0.000000	0.000000	0.000000	nan	nan	nan	nan	nan	nan	0.000000	0.000000	0.000000	None	None	None	0.080000	0	0.080000	None
sage_unsup	Cliq	12.000000	4000	PAU	8	True	6.471237	16.95	0.007698	0.030624	0.013354	0.028650	0.000000	0.000000	100.000000	0.000000	0.000000	37.347295	nan	nan	1.070000	0.000000	0.000000	0.232823	0.698469	0.068708	0.120000	0.360000	0.480000	None
sage_unsup	Rep	12.000000	4000	PAU	8	True	18.788327	14.65	0.007604	0.125980	0.016584	0.124250	0.000000	0.000000	100.000000	0.000000	0.000000	8.611670	nan	nan	1.070000	0.000000	0.000000	0.530763	0.000000	0.469237	0.120000	0.000000	0.120000	None
sage_unsup	MPSPhaseColl	12.000000	4000	PAU	8	True	6.171165	17.51	0.007820	0.026765	0.014704	0.003465	0.007612	0.024714	23.441151	68.885076	7.673773	72.386815	96.830046	3.322383	0.250820	0.737070	0.082109	0.254841	0.672193	0.072966	0.119933	0.358207	0.478140	23.590000
sage_unsup	Coll	12.000000	4000	PAU	8	True	6.605693	16.46	0.007717	0.031545	0.013517	0.029577	0.000000	0.000000	100.000000	0.000000	0.000000	36.176759	nan	nan	1.070000	0.000000	0.000000	0.193714	0.732092	0.074194	0.118628	0.357366	0.475995	34.900000
sage_unsup	WG	12.000000	4000	PAU	8	True	5.468541	27.18	0.007626	0.016820	0.019237	0.000000	0.000000	0.000000	nan	nan	nan	nan	nan	nan	0.000000	0.000000	0.000000	None	None	None	0.120000	0	0.120000	None
sage_unsup	Cliq	16.000000	4000	PAU	8	True	5.249984	18.99	0.007710	0.020911	0.013326	0.018933	0.000000	0.000000	100.000000	0.000000	0.000000	56.515079	nan	nan	1.070000	0.000000	0.000000	0.244244	0.732731	0.023025	0.160000	0.480000	0.640000	None
sage_unsup	Rep	16.000000	4000	PAU	8	True	15.964861	19.07	0.007731	0.102638	0.017303	0.100961	0.000000	0.000000	100.000000	0.000000	0.000000	10.598152	nan	nan	1.070000	0.000000	0.000000	0.612906	0.000000	0.387094	0.160000	0.000000	0.160000	None
sage_unsup	MPSPhaseColl	16.000000	4000	PAU	8	True	4.030003	21.07	0.007761	0.011559	0.012929	0.000880	0.008600	0.008805	25.257374	71.991822	2.750803	307.106712	89.571221	3.342827	0.270254	0.770312	0.029434	0.274861	0.701116	0.024022	0.158937	0.476910	0.635846	90.380000
sage_unsup	Coll	16.000000	4000	PAU	8	True	5.146615	19.52	0.007665	0.020292	0.013158	0.018317	0.000000	0.000000	100.000000	0.000000	0.000000	58.415679	nan	nan	1.070000	0.000000	0.000000	0.253423	0.722563	0.024014	0.159275	0.476622	0.635897	77.880000
sage_unsup	WG	16.000000	4000	PAU	8	True	5.468541	27.18	0.007626	0.016820	0.019237	0.000000	0.000000	0.000000	nan	nan	nan	nan	nan	nan	0.000000	0.000000	0.000000	None	None	None	0.160000	0	0.160000	None
sage_unsup	Cliq	20.000000	4000	PAU	8	True	4.740800	21.70	0.007586	0.016994	0.013279	0.015052	0.000000	0.000000	100.000000	0.000000	0.000000	71.086899	nan	nan	1.070000	0.000000	0.000000	0.248757	0.746270	0.004973	0.200000	0.600000	0.800000	None
sage_unsup	Rep	20.000000	4000	PAU	8	True	13.492090	20.13	0.007728	0.083242	0.016985	0.081461	0.000000	0.000000	100.000000	0.000000	0.000000	13.135120	nan	nan	1.070000	0.000000	0.000000	0.680998	0.000000	0.319002	0.200000	0.000000	0.200000	None
sage_unsup	MPSPhaseColl	20.000000	4000	PAU	8	True	4.443717	22.71	0.007829	0.014511	0.013082	0.000949	0.011558	0.005655	40.101124	58.186697	1.712179	452.141234	53.867248	3.239666	0.429082	0.622598	0.018320	0.392578	0.593623	0.013799	0.198389	0.517519	0.715907	62.010000
sage_unsup	Coll	20.000000	4000	PAU	8	True	4.646489	21.13	0.007672	0.015961	0.013472	0.014013	0.000000	0.000000	100.000000	0.000000	0.000000	76.357668	nan	nan	1.070000	0.000000	0.000000	0.409796	0.576229	0.013976	0.198922	0.513778	0.712701	68.260000
sage_unsup	WG	20.000000	4000	PAU	8	True	5.468541	27.18	0.007626	0.016820	0.019237	0.000000	0.000000	0.000000	nan	nan	nan	nan	nan	nan	0.000000	0.000000	0.000000	None	None	None	0.200000	0	0.200000	None
sage_unsup	Cliq	25.000000	4000	PAU	8	True	4.610364	24.81	0.007618	0.016185	0.013014	0.014234	0.000000	0.000000	100.000000	0.000000	0.000000	75.172123	nan	nan	1.070000	0.000000	0.000000	0.250000	0.750000	0.000000	0.250000	0.750000	1.000000	None
sage_unsup	Rep	25.000000	4000	PAU	8	True	11.071400	22.28	0.007615	0.064464	0.016434	0.062548	0.000000	0.000000	100.000000	0.000000	0.000000	17.106862	nan	nan	1.070000	0.000000	0.000000	0.750914	0.000000	0.249086	0.250000	0.000000	0.250000	None
sage_unsup	MPSPhaseColl	25.000000	4000	PAU	8	True	4.500798	26.37	0.007749	0.015343	0.012947	0.001530	0.011831	0.004106	54.912931	43.955352	1.131717	384.031607	39.753382	2.949190	0.587568	0.470322	0.012109	0.554440	0.437490	0.008070	0.247779	0.512229	0.760007	48.530000
sage_unsup	Coll	25.000000	4000	PAU	8	True	4.304289	24.30	0.007617	0.014070	0.012682	0.012138	0.000000	0.000000	100.000000	0.000000	0.000000	88.152908	nan	nan	1.070000	0.000000	0.000000	0.556151	0.435564	0.008285	0.247668	0.507903	0.755571	86.490000
sage_unsup	WG	25.000000	4000	PAU	8	True	5.468541	27.18	0.007626	0.016820	0.019237	0.000000	0.000000	0.000000	nan	nan	nan	nan	nan	nan	0.000000	0.000000	0.000000	None	None	None	0.250000	0	0.250000	None
sage_unsup	Cliq	1.000000	8000	PAU	8	True	52.282723	14.17	0.014516	0.370757	0.032770	0.368238	0.000000	0.000000	100.000000	0.000000	0.000000	5.512739	nan	nan	2.030000	0.000000	0.000000	0.068349	0.205047	0.726604	0.010000	0.030000	0.040000	None
sage_unsup	Rep	1.000000	8000	PAU	8	True	64.206168	12.96	0.014507	0.459595	0.039933	0.457529	0.000000	0.000000	100.000000	0.000000	0.000000	4.436877	nan	nan	2.030000	0.000000	0.000000	0.112884	0.000000	0.887116	0.010000	0.000000	0.010000	None
sage_unsup	MPSPhaseColl	1.000000	8000	PAU	8	True	58.631622	13.29	0.014727	0.411986	0.042298	0.001851	0.003823	0.409399	6.744535	17.886007	75.369458	73.967619	94.974088	3.737185	0.136914	0.363086	1.530000	0.063959	0.180245	0.755796	0.009923	0.027936	0.037859	15.920000
sage_unsup	Coll	1.000000	8000	PAU	8	True	54.592898	13.20	0.014547	0.387172	0.035047	0.384681	0.000000	0.000000	100.000000	0.000000	0.000000	5.277100	nan	nan	2.030000	0.000000	0.000000	0.063279	0.182747	0.753974	0.009993	0.029032	0.039025	17.720000
sage_unsup	WG	1.000000	8000	PAU	8	True	10.487885	25.42	0.014652	0.031858	0.036875	0.000000	0.000000	0.000000	nan	nan	nan	nan	nan	nan	0.000000	0.000000	0.000000	None	None	None	0.010000	0	0.010000	None
sage_unsup	Cliq	2.000000	8000	PAU	8	True	41.172562	11.86	0.014494	0.283464	0.031470	0.280735	0.000000	0.000000	100.000000	0.000000	0.000000	7.231019	nan	nan	2.030000	0.000000	0.000000	0.102579	0.307738	0.589683	0.020000	0.060000	0.080000	None
sage_unsup	Rep	2.000000	8000	PAU	8	True	59.220261	14.54	0.014453	0.422534	0.036797	0.420225	0.000000	0.000000	100.000000	0.000000	0.000000	4.830745	nan	nan	2.030000	0.000000	0.000000	0.177814	0.000000	0.822186	0.020000	0.000000	0.020000	None
sage_unsup	MPSPhaseColl	2.000000	8000	PAU	8	True	49.213718	15.77	0.014723	0.340719	0.037853	0.003411	0.006008	0.337906	9.918604	28.505042	61.576355	59.028923	96.313639	3.699254	0.201348	0.578652	1.250000	0.089575	0.293457	0.616968	0.019909	0.059347	0.079256	9.530000
sage_unsup	Coll	2.000000	8000	PAU	8	True	42.761474	13.86	0.014488	0.296341	0.031326	0.293651	0.000000	0.000000	100.000000	0.000000	0.000000	6.912968	nan	nan	2.030000	0.000000	0.000000	0.107187	0.282148	0.610665	0.019908	0.059302	0.079210	10.150000
sage_unsup	WG	2.000000	8000	PAU	8	True	10.487885	25.42	0.014652	0.031858	0.036875	0.000000	0.000000	0.000000	nan	nan	nan	nan	nan	nan	0.000000	0.000000	0.000000	None	None	None	0.020000	0	0.020000	None
sage_unsup	Cliq	4.000000	8000	PAU	8	True	28.515869	14.03	0.014515	0.181210	0.032060	0.178213	0.000000	0.000000	100.000000	0.000000	0.000000	11.390864	nan	nan	2.030000	0.000000	0.000000	0.149387	0.448160	0.402454	0.040000	0.120000	0.160000	None
sage_unsup	Rep	4.000000	8000	PAU	8	True	52.056253	13.77	0.014494	0.369377	0.032870	0.366866	0.000000	0.000000	100.000000	0.000000	0.000000	5.533356	nan	nan	2.030000	0.000000	0.000000	0.273322	0.000000	0.726678	0.040000	0.000000	0.040000	None
sage_unsup	MPSPhaseColl	4.000000	8000	PAU	8	True	37.374593	17.21	0.014576	0.249641	0.034481	0.004619	0.008420	0.246596	14.171221	41.463016	44.365764	62.280966	99.964278	3.652229	0.287676	0.841699	0.900625	0.148335	0.409409	0.442256	0.039832	0.118927	0.158760	22.040000
sage_unsup	Coll	4.000000	8000	PAU	8	True	30.264383	14.15	0.014608	0.196408	0.031266	0.193447	0.000000	0.000000	100.000000	0.000000	0.000000	10.493830	nan	nan	2.030000	0.000000	0.000000	0.148684	0.419834	0.431482	0.039817	0.116568	0.156384	13.520000
sage_unsup	WG	4.000000	8000	PAU	8	True	10.487885	25.42	0.014652	0.031858	0.036875	0.000000	0.000000	0.000000	nan	nan	nan	nan	nan	nan	0.000000	0.000000	0.000000	None	None	None	0.040000	0	0.040000	None
sage_unsup	Cliq	8.000000	8000	PAU	8	True	15.868319	18.77	0.014477	0.087083	0.025282	0.083749	0.000000	0.000000	100.000000	0.000000	0.000000	24.239095	nan	nan	2.030000	0.000000	0.000000	0.204511	0.613534	0.181954	0.080000	0.240000	0.320000	None
sage_unsup	Rep	8.000000	8000	PAU	8	True	41.084704	18.01	0.014521	0.283047	0.031279	0.280325	0.000000	0.000000	100.000000	0.000000	0.000000	7.241595	nan	nan	2.030000	0.000000	0.000000	0.410409	0.000000	0.589591	0.080000	0.000000	0.080000	None
sage_unsup	MPSPhaseColl	8.000000	8000	PAU	8	True	20.671717	18.83	0.014656	0.119558	0.031351	0.006986	0.011966	0.116147	20.090248	59.605911	20.303841	58.378476	101.119840	3.548675	0.407832	1.210000	0.412168	0.223874	0.575175	0.200952	0.079816	0.234601	0.314417	24.980000
sage_unsup	Coll	8.000000	8000	PAU	8	True	16.277856	16.78	0.014535	0.090428	0.025210	0.087104	0.000000	0.000000	100.000000	0.000000	0.000000	23.305474	nan	nan	2.030000	0.000000	0.000000	0.196702	0.609337	0.193961	0.079954	0.239038	0.318992	8.390000
sage_unsup	WG	8.000000	8000	PAU	8	True	10.487885	25.42	0.014652	0.031858	0.036875	0.000000	0.000000	0.000000	nan	nan	nan	nan	nan	nan	0.000000	0.000000	0.000000	None	None	None	0.080000	0	0.080000	None
sage_unsup	Cliq	12.000000	8000	PAU	8	True	11.880315	17.92	0.014498	0.056323	0.024129	0.052738	0.000000	0.000000	100.000000	0.000000	0.000000	38.492169	nan	nan	2.030000	0.000000	0.000000	0.231700	0.695100	0.073201	0.120000	0.360000	0.480000	None
sage_unsup	Rep	12.000000	8000	PAU	8	True	33.917307	18.17	0.014545	0.224886	0.031764	0.221750	0.000000	0.000000	100.000000	0.000000	0.000000	9.154453	nan	nan	2.030000	0.000000	0.000000	0.513689	0.000000	0.486311	0.120000	0.000000	0.120000	None
sage_unsup	MPSPhaseColl	12.000000	8000	PAU	8	True	11.709994	22.99	0.014670	0.051381	0.027505	0.007839	0.013862	0.047727	23.281635	68.472906	8.245459	60.290495	100.274131	3.507088	0.472617	1.390000	0.167383	0.215094	0.704402	0.080504	0.118759	0.353585	0.472344	29.420000
sage_unsup	Coll	12.000000	8000	PAU	8	True	12.143827	18.80	0.014554	0.057949	0.024585	0.054371	0.000000	0.000000	100.000000	0.000000	0.000000	37.336080	nan	nan	2.030000	0.000000	0.000000	0.280159	0.640647	0.079194	0.119873	0.354589	0.474462	31.970000
sage_unsup	WG	12.000000	8000	PAU	8	True	10.487885	25.42	0.014652	0.031858	0.036875	0.000000	0.000000	0.000000	nan	nan	nan	nan	nan	nan	0.000000	0.000000	0.000000	None	None	None	0.120000	0	0.120000	None
sage_unsup	Cliq	16.000000	8000	PAU	8	True	9.753463	22.04	0.014486	0.039197	0.024307	0.035601	0.000000	0.000000	100.000000	0.000000	0.000000	57.020870	nan	nan	2.030000	0.000000	0.000000	0.243651	0.730954	0.025394	0.160000	0.480000	0.640000	None
sage_unsup	Rep	16.000000	8000	PAU	8	True	28.419556	21.53	0.014400	0.181155	0.031539	0.178189	0.000000	0.000000	100.000000	0.000000	0.000000	11.392398	nan	nan	2.030000	0.000000	0.000000	0.597565	0.000000	0.402435	0.160000	0.000000	0.160000	None
sage_unsup	MPSPhaseColl	16.000000	8000	PAU	8	True	7.527829	22.99	0.014741	0.021705	0.023653	0.002716	0.014744	0.016893	25.115937	71.921182	2.962881	187.722208	99.023332	3.560438	0.509854	1.460000	0.060146	0.240077	0.732129	0.027794	0.159823	0.472512	0.632335	105.340000
sage_unsup	Coll	16.000000	8000	PAU	8	True	9.797379	22.04	0.014576	0.039388	0.024338	0.035779	0.000000	0.000000	100.000000	0.000000	0.000000	56.737192	nan	nan	2.030000	0.000000	0.000000	0.253675	0.718520	0.027805	0.159329	0.473333	0.632663	113.870000
sage_unsup	WG	16.000000	8000	PAU	8	True	10.487885	25.42	0.014652	0.031858	0.036875	0.000000	0.000000	0.000000	nan	nan	nan	nan	nan	nan	0.000000	0.000000	0.000000	None	None	None	0.160000	0	0.160000	None
sage_unsup	Cliq	20.000000	8000	PAU	8	True	8.977613	25.00	0.014592	0.032045	0.025090	0.028482	0.000000	0.000000	100.000000	0.000000	0.000000	71.273085	nan	nan	2.030000	0.000000	0.000000	0.248408	0.745223	0.006369	0.200000	0.600000	0.800000	None
sage_unsup	Rep	20.000000	8000	PAU	8	True	23.919936	23.61	0.014470	0.145099	0.031748	0.141921	0.000000	0.000000	100.000000	0.000000	0.000000	14.303732	nan	nan	2.030000	0.000000	0.000000	0.667513	0.000000	0.332487	0.200000	0.000000	0.200000	None
sage_unsup	MPSPhaseColl	20.000000	8000	PAU	8	True	7.652542	24.20	0.014721	0.022683	0.023693	0.001465	0.017572	0.009999	35.741225	62.561576	1.697198	495.253840	72.274072	3.445657	0.725547	1.270000	0.034453	0.358283	0.626502	0.015216	0.199195	0.531649	0.730844	68.200000
sage_unsup	Coll	20.000000	8000	PAU	8	True	8.759444	24.15	0.014615	0.030806	0.024607	0.027225	0.000000	0.000000	100.000000	0.000000	0.000000	74.563820	nan	nan	2.030000	0.000000	0.000000	0.374807	0.611014	0.014179	0.199303	0.523811	0.723115	105.000000
sage_unsup	WG	20.000000	8000	PAU	8	True	10.487885	25.42	0.014652	0.031858	0.036875	0.000000	0.000000	0.000000	nan	nan	nan	nan	nan	nan	0.000000	0.000000	0.000000	None	None	None	0.200000	0	0.200000	None
sage_unsup	Cliq	25.000000	8000	PAU	8	True	8.668412	26.77	0.014525	0.030647	0.024173	0.027090	0.000000	0.000000	100.000000	0.000000	0.000000	74.935401	nan	nan	2.030000	0.000000	0.000000	0.250000	0.750000	0.000000	0.250000	0.750000	1.000000	None
sage_unsup	Rep	25.000000	8000	PAU	8	True	19.389764	24.18	0.014439	0.109647	0.030931	0.106171	0.000000	0.000000	100.000000	0.000000	0.000000	19.120099	nan	nan	2.030000	0.000000	0.000000	0.739632	0.000000	0.260368	0.250000	0.000000	0.250000	None
sage_unsup	MPSPhaseColl	25.000000	8000	PAU	8	True	7.472747	30.71	0.014534	0.021825	0.023353	0.002246	0.016006	0.006830	50.474330	48.399015	1.126655	456.201650	61.383231	3.348623	1.024629	0.982500	0.022871	0.500372	0.489947	0.009681	0.248259	0.537314	0.785573	39.880000
sage_unsup	Coll	25.000000	8000	PAU	8	True	8.039370	28.66	0.014465	0.025541	0.024118	0.022012	0.000000	0.000000	100.000000	0.000000	0.000000	92.222424	nan	nan	2.030000	0.000000	0.000000	0.531177	0.459970	0.008853	0.248223	0.526411	0.774634	63.510000
sage_unsup	WG	25.000000	8000	PAU	8	True	10.487885	25.42	0.014652	0.031858	0.036875	0.000000	0.000000	0.000000	nan	nan	nan	nan	nan	nan	0.000000	0.000000	0.000000	None	None	None	0.250000	0	0.250000	None
sage_unsup	Cliq	1.000000	2000	CF	8	True	24.855021	10.62	0.004630	0.172854	0.021365	0.171958	0.000000	0.000000	100.000000	0.000000	0.000000	6.920294	nan	nan	1.190000	0.000000	0.000000	0.092069	0.276207	0.631724	0.010000	0.030000	0.040000	None
sage_unsup	Rep	1.000000	2000	CF	8	True	32.697469	11.14	0.004584	0.236957	0.020019	0.236317	0.000000	0.000000	100.000000	0.000000	0.000000	5.035609	nan	nan	1.190000	0.000000	0.000000	0.153720	0.000000	0.846280	0.010000	0.000000	0.010000	None
sage_unsup	MPSPhaseColl	1.000000	2000	CF	8	True	25.364705	12.13	0.004752	0.177374	0.020514	0.001779	0.003207	0.176445	9.714745	24.432937	65.852317	64.983400	90.661663	4.441285	0.115605	0.290752	0.783643	0.093111	0.247019	0.659870	0.009971	0.026127	0.036098	12.170000
sage_unsup	Coll	1.000000	2000	CF	8	True	26.193788	10.00	0.004580	0.183546	0.021420	0.182685	0.000000	0.000000	100.000000	0.000000	0.000000	6.513945	nan	nan	1.190000	0.000000	0.000000	0.092938	0.242190	0.664872	0.009980	0.026180	0.036160	11.530000
sage_unsup	WG	1.000000	2000	CF	8	True	5.639525	26.89	0.004584	0.017917	0.022400	0.000000	0.000000	0.000000	nan	nan	nan	nan	nan	nan	0.000000	0.000000	0.000000	None	None	None	0.010000	0	0.010000	None
sage_unsup	Cliq	2.000000	2000	CF	8	True	17.921433	10.75	0.004654	0.121834	0.016713	0.120851	0.000000	0.000000	100.000000	0.000000	0.000000	9.764090	nan	nan	1.180000	0.000000	0.000000	0.134206	0.402619	0.463175	0.020000	0.060000	0.080000	None
sage_unsup	Rep	2.000000	2000	CF	8	True	29.851969	10.01	0.004750	0.212476	0.021554	0.211655	0.000000	0.000000	100.000000	0.000000	0.000000	5.622357	nan	nan	1.190000	0.000000	0.000000	0.241927	0.000000	0.758073	0.020000	0.000000	0.020000	None
sage_unsup	MPSPhaseColl	2.000000	2000	CF	8	True	19.357180	11.62	0.004692	0.130858	0.018908	0.002352	0.004722	0.129844	13.301766	38.300945	48.397289	67.300602	96.522925	4.435536	0.158291	0.455781	0.575928	0.113172	0.403140	0.483688	0.019973	0.059391	0.079364	14.000000
sage_unsup	Coll	2.000000	2000	CF	8	True	19.321518	10.68	0.004634	0.133408	0.016417	0.132445	0.000000	0.000000	100.000000	0.000000	0.000000	8.909359	nan	nan	1.180000	0.000000	0.000000	0.132839	0.365476	0.501685	0.019984	0.057029	0.077013	12.570000
sage_unsup	WG	2.000000	2000	CF	8	True	5.639525	26.89	0.004584	0.017917	0.022400	0.000000	0.000000	0.000000	nan	nan	nan	nan	nan	nan	0.000000	0.000000	0.000000	None	None	None	0.020000	0	0.020000	None
sage_unsup	Cliq	4.000000	2000	CF	8	True	10.427421	12.08	0.004560	0.064285	0.014592	0.063226	0.000000	0.000000	100.000000	0.000000	0.000000	18.821371	nan	nan	1.190000	0.000000	0.000000	0.183732	0.551197	0.265071	0.040000	0.120000	0.160000	None
sage_unsup	Rep	4.000000	2000	CF	8	True	24.810927	11.87	0.004556	0.172351	0.021509	0.171469	0.000000	0.000000	100.000000	0.000000	0.000000	6.940030	nan	nan	1.190000	0.000000	0.000000	0.368214	0.000000	0.631786	0.040000	0.000000	0.040000	None
sage_unsup	MPSPhaseColl	4.000000	2000	CF	8	True	12.455748	14.74	0.004805	0.080095	0.014797	0.004002	0.006480	0.078959	18.127134	52.724527	29.148339	53.901272	96.824363	4.392979	0.215713	0.627422	0.346865	0.179517	0.530969	0.289514	0.039984	0.119336	0.159320	19.490000
sage_unsup	Coll	4.000000	2000	CF	8	True	11.061268	12.68	0.004658	0.069065	0.014638	0.067993	0.000000	0.000000	100.000000	0.000000	0.000000	17.354728	nan	nan	1.180000	0.000000	0.000000	0.169631	0.549242	0.281128	0.039994	0.119338	0.159331	34.630000
sage_unsup	WG	4.000000	2000	CF	8	True	5.639525	26.89	0.004584	0.017917	0.022400	0.000000	0.000000	0.000000	nan	nan	nan	nan	nan	nan	0.000000	0.000000	0.000000	None	None	None	0.040000	0	0.040000	None
sage_unsup	Cliq	8.000000	2000	CF	8	True	6.103410	14.85	0.004553	0.033509	0.010771	0.032374	0.000000	0.000000	100.000000	0.000000	0.000000	36.449002	nan	nan	1.180000	0.000000	0.000000	0.227577	0.682730	0.089693	0.080000	0.240000	0.320000	None
sage_unsup	Rep	8.000000	2000	CF	8	True	17.977711	15.05	0.004566	0.120867	0.018297	0.119905	0.000000	0.000000	100.000000	0.000000	0.000000	9.924524	nan	nan	1.190000	0.000000	0.000000	0.536845	0.000000	0.463155	0.080000	0.000000	0.080000	None
sage_unsup	MPSPhaseColl	8.000000	2000	CF	8	True	5.428477	16.37	0.004743	0.027535	0.011204	0.004150	0.008166	0.026338	22.830226	67.576484	9.593290	65.464985	98.476629	4.334428	0.271680	0.804160	0.114160	0.253887	0.653365	0.092748	0.079957	0.239802	0.319759	19.960000
sage_unsup	Coll	8.000000	2000	CF	8	True	6.168666	14.22	0.004550	0.034142	0.010583	0.033007	0.000000	0.000000	100.000000	0.000000	0.000000	36.052958	nan	nan	1.190000	0.000000	0.000000	0.243294	0.661836	0.094870	0.079572	0.238892	0.318464	34.110000
sage_unsup	WG	8.000000	2000	CF	8	True	5.639525	26.89	0.004584	0.017917	0.022400	0.000000	0.000000	0.000000	nan	nan	nan	nan	nan	nan	0.000000	0.000000	0.000000	None	None	None	0.080000	0	0.080000	None
sage_unsup	Cliq	12.000000	2000	CF	8	True	4.742824	16.77	0.004551	0.022758	0.010567	0.021517	0.000000	0.000000	100.000000	0.000000	0.000000	54.840359	nan	nan	1.180000	0.000000	0.000000	0.242446	0.727338	0.030216	0.120000	0.360000	0.480000	None
sage_unsup	Rep	12.000000	2000	CF	8	True	13.536212	17.54	0.004513	0.087439	0.016264	0.086329	0.000000	0.000000	100.000000	0.000000	0.000000	13.784476	nan	nan	1.190000	0.000000	0.000000	0.651298	0.000000	0.348702	0.120000	0.000000	0.120000	None
sage_unsup	MPSPhaseColl	12.000000	2000	CF	8	True	3.394920	18.84	0.004685	0.011746	0.010650	0.002093	0.007914	0.010385	25.239175	70.991128	3.769697	142.294441	105.849799	4.283334	0.297822	0.837695	0.044482	0.251816	0.714306	0.033878	0.119914	0.353241	0.473154	75.930000
sage_unsup	Coll	12.000000	2000	CF	8	True	4.709443	16.76	0.004567	0.022554	0.010383	0.021315	0.000000	0.000000	100.000000	0.000000	0.000000	55.360075	nan	nan	1.180000	0.000000	0.000000	0.242624	0.724922	0.032455	0.119189	0.358567	0.477756	92.980000
sage_unsup	WG	12.000000	2000	CF	8	True	5.639525	26.89	0.004584	0.017917	0.022400	0.000000	0.000000	0.000000	nan	nan	nan	nan	nan	nan	0.000000	0.000000	0.000000	None	None	None	0.120000	0	0.120000	None
sage_unsup	Cliq	16.000000	2000	CF	8	True	4.246373	19.19	0.004533	0.018958	0.010408	0.017802	0.000000	0.000000	100.000000	0.000000	0.000000	66.846422	nan	nan	1.190000	0.000000	0.000000	0.247566	0.742699	0.009735	0.160000	0.480000	0.640000	None
sage_unsup	Rep	16.000000	2000	CF	8	True	10.273898	19.03	0.004594	0.062935	0.014645	0.061873	0.000000	0.000000	100.000000	0.000000	0.000000	19.232945	nan	nan	1.190000	0.000000	0.000000	0.734900	0.000000	0.265100	0.160000	0.000000	0.160000	None
sage_unsup	MPSPhaseColl	16.000000	2000	CF	8	True	3.138177	21.81	0.004640	0.009785	0.010618	0.000970	0.007611	0.005332	39.563091	58.563386	1.873523	485.361630	91.565405	4.181343	0.470801	0.696904	0.022295	0.390587	0.594606	0.014807	0.159979	0.427392	0.587371	70.650000
sage_unsup	Coll	16.000000	2000	CF	8	True	4.047171	19.76	0.004563	0.017025	0.010725	0.015867	0.000000	0.000000	100.000000	0.000000	0.000000	74.368186	nan	nan	1.180000	0.000000	0.000000	0.405527	0.580058	0.014415	0.159983	0.430432	0.590415	79.170000
sage_unsup	WG	16.000000	2000	CF	8	True	5.639525	26.89	0.004584	0.017917	0.022400	0.000000	0.000000	0.000000	nan	nan	nan	nan	nan	nan	0.000000	0.000000	0.000000	None	None	None	0.160000	0	0.160000	None
sage_unsup	Cliq	20.000000	2000	CF	8	True	4.028900	22.27	0.004539	0.017433	0.010207	0.016272	0.000000	0.000000	100.000000	0.000000	0.000000	73.131760	nan	nan	1.190000	0.000000	0.000000	0.249512	0.748537	0.001950	0.200000	0.600000	0.800000	None
sage_unsup	Rep	20.000000	2000	CF	8	True	8.209846	22.09	0.004595	0.048936	0.012085	0.047823	0.000000	0.000000	100.000000	0.000000	0.000000	24.674320	nan	nan	1.180000	0.000000	0.000000	0.797830	0.000000	0.202170	0.200000	0.000000	0.200000	None
sage_unsup	MPSPhaseColl	20.000000	2000	CF	8	True	3.275760	24.37	0.004696	0.010999	0.010461	0.001338	0.008472	0.003771	51.720884	46.985787	1.293330	459.998891	65.997505	4.081311	0.615479	0.559131	0.015391	0.517796	0.473047	0.009158	0.199902	0.476780	0.676683	52.900000
sage_unsup	Coll	20.000000	2000	CF	8	True	3.618363	22.83	0.004561	0.013524	0.010802	0.012382	0.000000	0.000000	100.000000	0.000000	0.000000	95.299628	nan	nan	1.180000	0.000000	0.000000	0.520362	0.470134	0.009504	0.199080	0.470588	0.669668	95.800000
sage_unsup	WG	20.000000	2000	CF	8	True	5.639525	26.89	0.004584	0.017917	0.022400	0.000000	0.000000	0.000000	nan	nan	nan	nan	nan	nan	0.000000	0.000000	0.000000	None	None	None	0.200000	0	0.200000	None
sage_unsup	Cliq	25.000000	2000	CF	8	True	3.953297	27.14	0.004560	0.016929	0.010087	0.015696	0.000000	0.000000	100.000000	0.000000	0.000000	75.178389	nan	nan	1.180000	0.000000	0.000000	0.250000	0.750000	0.000000	0.250000	0.750000	1.000000	None
sage_unsup	Rep	25.000000	2000	CF	8	True	6.741939	25.81	0.004590	0.038000	0.011319	0.036787	0.000000	0.000000	100.000000	0.000000	0.000000	32.348384	nan	nan	1.190000	0.000000	0.000000	0.855801	0.000000	0.144199	0.250000	0.000000	0.250000	None
sage_unsup	MPSPhaseColl	25.000000	2000	CF	8	True	3.318259	27.44	0.004712	0.011376	0.010359	0.001958	0.008238	0.002868	60.946527	38.146665	0.906808	370.410456	55.103825	3.762558	0.725264	0.453945	0.010791	0.631015	0.363438	0.005548	0.247561	0.506821	0.754382	32.010000
sage_unsup	Coll	25.000000	2000	CF	8	True	3.535633	26.00	0.004575	0.013237	0.010424	0.012104	0.000000	0.000000	100.000000	0.000000	0.000000	98.314607	nan	nan	1.190000	0.000000	0.000000	0.632972	0.361701	0.005327	0.249169	0.510644	0.759813	48.250000
sage_unsup	WG	25.000000	2000	CF	8	True	5.639525	26.89	0.004584	0.017917	0.022400	0.000000	0.000000	0.000000	nan	nan	nan	nan	nan	nan	0.000000	0.000000	0.000000	None	None	None	0.250000	0	0.250000	None
sage_unsup	Cliq	1.000000	4000	CF	8	True	45.155622	11.18	0.008276	0.319534	0.033286	0.318050	0.000000	0.000000	100.000000	0.000000	0.000000	6.948593	nan	nan	2.210000	0.000000	0.000000	0.085837	0.257511	0.656651	0.010000	0.030000	0.040000	None
sage_unsup	Rep	1.000000	4000	CF	8	True	60.040100	14.34	0.008263	0.442710	0.029432	0.441686	0.000000	0.000000	100.000000	0.000000	0.000000	5.003555	nan	nan	2.210000	0.000000	0.000000	0.134147	0.000000	0.865853	0.010000	0.000000	0.010000	None
sage_unsup	MPSPhaseColl	1.000000	4000	CF	8	True	45.917269	16.56	0.008438	0.326571	0.032495	0.003184	0.005294	0.324996	8.022837	23.198883	68.778281	55.686146	96.844600	4.676981	0.177305	0.512695	1.520000	0.074200	0.238185	0.687615	0.009906	0.029202	0.039108	10.580000
sage_unsup	Coll	1.000000	4000	CF	8	True	47.553958	13.38	0.008275	0.341637	0.030555	0.340172	0.000000	0.000000	100.000000	0.000000	0.000000	6.496713	nan	nan	2.210000	0.000000	0.000000	0.089356	0.219045	0.691599	0.009980	0.028839	0.038820	9.150000
sage_unsup	WG	1.000000	4000	CF	8	True	10.448447	28.16	0.008294	0.033782	0.042517	0.000000	0.000000	0.000000	nan	nan	nan	nan	nan	nan	0.000000	0.000000	0.000000	None	None	None	0.010000	0	0.010000	None
sage_unsup	Cliq	2.000000	4000	CF	8	True	32.039119	14.05	0.008177	0.221082	0.027117	0.219457	0.000000	0.000000	100.000000	0.000000	0.000000	10.070310	nan	nan	2.210000	0.000000	0.000000	0.128455	0.385364	0.486182	0.020000	0.060000	0.080000	None
sage_unsup	Rep	2.000000	4000	CF	8	True	54.175665	14.03	0.008244	0.394006	0.031097	0.392705	0.000000	0.000000	100.000000	0.000000	0.000000	5.627634	nan	nan	2.210000	0.000000	0.000000	0.218777	0.000000	0.781223	0.020000	0.000000	0.020000	None
sage_unsup	MPSPhaseColl	2.000000	4000	CF	8	True	34.458810	17.25	0.008414	0.236890	0.030327	0.005326	0.008474	0.235177	12.852181	37.826552	49.321267	53.329554	98.650790	4.634807	0.284033	0.835967	1.090000	0.134987	0.371404	0.493609	0.019972	0.058630	0.078603	14.630000
sage_unsup	Coll	2.000000	4000	CF	8	True	33.735573	11.84	0.008289	0.234938	0.026552	0.233310	0.000000	0.000000	100.000000	0.000000	0.000000	9.472376	nan	nan	2.210000	0.000000	0.000000	0.123483	0.364014	0.512503	0.019952	0.058826	0.078778	18.300000
sage_unsup	WG	2.000000	4000	CF	8	True	10.448447	28.16	0.008294	0.033782	0.042517	0.000000	0.000000	0.000000	nan	nan	nan	nan	nan	nan	0.000000	0.000000	0.000000	None	None	None	0.020000	0	0.020000	None
sage_unsup	Cliq	4.000000	4000	CF	8	True	18.946321	15.45	0.008278	0.117516	0.025709	0.115708	0.000000	0.000000	100.000000	0.000000	0.000000	19.099803	nan	nan	2.210000	0.000000	0.000000	0.179668	0.539005	0.281327	0.040000	0.120000	0.160000	None
sage_unsup	Rep	4.000000	4000	CF	8	True	45.086627	18.57	0.008269	0.319134	0.033321	0.317653	0.000000	0.000000	100.000000	0.000000	0.000000	6.957277	nan	nan	2.210000	0.000000	0.000000	0.343287	0.000000	0.656713	0.040000	0.000000	0.040000	None
sage_unsup	MPSPhaseColl	4.000000	4000	CF	8	True	22.622880	17.43	0.008388	0.146897	0.025749	0.006198	0.011590	0.145012	17.694340	52.036199	30.269461	63.092114	99.223469	4.613102	0.391045	1.150000	0.668955	0.172255	0.526905	0.300841	0.039575	0.118671	0.158247	17.510000
sage_unsup	Coll	4.000000	4000	CF	8	True	19.915368	15.45	0.008258	0.125673	0.025411	0.123878	0.000000	0.000000	100.000000	0.000000	0.000000	17.840133	nan	nan	2.210000	0.000000	0.000000	0.189754	0.513076	0.297170	0.039860	0.117140	0.157000	32.160000
sage_unsup	WG	4.000000	4000	CF	8	True	10.448447	28.16	0.008294	0.033782	0.042517	0.000000	0.000000	0.000000	nan	nan	nan	nan	nan	nan	0.000000	0.000000	0.000000	None	None	None	0.040000	0	0.040000	None
sage_unsup	Cliq	8.000000	4000	CF	8	True	11.019283	20.41	0.008267	0.060912	0.018924	0.058949	0.000000	0.000000	100.000000	0.000000	0.000000	37.490034	nan	nan	2.210000	0.000000	0.000000	0.225834	0.677503	0.096662	0.080000	0.240000	0.320000	None
sage_unsup	Rep	8.000000	4000	CF	8	True	32.130511	17.81	0.008236	0.219951	0.028867	0.218321	0.000000	0.000000	100.000000	0.000000	0.000000	10.122709	nan	nan	2.210000	0.000000	0.000000	0.513831	0.000000	0.486169	0.080000	0.000000	0.080000	None
sage_unsup	MPSPhaseColl	8.000000	4000	CF	8	True	10.329668	21.41	0.008361	0.053888	0.020236	0.008174	0.014616	0.051863	22.431773	66.968326	10.599901	60.648665	101.258894	4.516858	0.495742	1.480000	0.234258	0.217992	0.677964	0.104044	0.080000	0.238038	0.318038	30.200000
sage_unsup	Coll	8.000000	4000	CF	8	True	11.152766	17.10	0.008211	0.061846	0.019099	0.059886	0.000000	0.000000	100.000000	0.000000	0.000000	36.903450	nan	nan	2.210000	0.000000	0.000000	0.205590	0.692152	0.102258	0.079828	0.239681	0.319509	15.780000
sage_unsup	WG	8.000000	4000	CF	8	True	10.448447	28.16	0.008294	0.033782	0.042517	0.000000	0.000000	0.000000	nan	nan	nan	nan	nan	nan	0.000000	0.000000	0.000000	None	None	None	0.080000	0	0.080000	None
sage_unsup	Cliq	12.000000	4000	CF	8	True	8.696183	19.61	0.008326	0.042338	0.018823	0.040167	0.000000	0.000000	100.000000	0.000000	0.000000	55.020290	nan	nan	2.210000	0.000000	0.000000	0.241661	0.724984	0.033355	0.120000	0.360000	0.480000	None
sage_unsup	Rep	12.000000	4000	CF	8	True	24.531896	21.43	0.008253	0.160593	0.027341	0.158674	0.000000	0.000000	100.000000	0.000000	0.000000	13.927928	nan	nan	2.210000	0.000000	0.000000	0.631684	0.000000	0.368316	0.120000	0.000000	0.120000	None
sage_unsup	MPSPhaseColl	12.000000	4000	CF	8	True	5.937369	22.77	0.008374	0.021328	0.017690	0.004275	0.014701	0.018374	24.382689	71.945701	3.671610	126.048520	108.155908	4.416163	0.538857	1.590000	0.081143	0.188149	0.777073	0.034778	0.119381	0.358130	0.477510	25.880000
sage_unsup	Coll	12.000000	4000	CF	8	True	8.585642	22.91	0.008313	0.041271	0.019050	0.039096	0.000000	0.000000	100.000000	0.000000	0.000000	56.527522	nan	nan	2.210000	0.000000	0.000000	0.209170	0.756096	0.034735	0.119147	0.358430	0.477577	100.180000
sage_unsup	WG	12.000000	4000	CF	8	True	10.448447	28.16	0.008294	0.033782	0.042517	0.000000	0.000000	0.000000	nan	nan	nan	nan	nan	nan	0.000000	0.000000	0.000000	None	None	None	0.120000	0	0.120000	None
sage_unsup	Cliq	16.000000	4000	CF	8	True	7.759319	23.62	0.008328	0.035001	0.018686	0.032979	0.000000	0.000000	100.000000	0.000000	0.000000	67.012341	nan	nan	2.210000	0.000000	0.000000	0.247098	0.741295	0.011606	0.160000	0.480000	0.640000	None
sage_unsup	Rep	16.000000	4000	CF	8	True	18.921469	25.17	0.008270	0.116239	0.026848	0.114437	0.000000	0.000000	100.000000	0.000000	0.000000	19.311936	nan	nan	2.210000	0.000000	0.000000	0.718659	0.000000	0.281341	0.160000	0.000000	0.160000	None
sage_unsup	MPSPhaseColl	16.000000	4000	CF	8	True	5.573240	23.58	0.008404	0.017729	0.018384	0.001539	0.014117	0.008988	34.875212	63.348416	1.776372	500.807139	99.171212	4.367803	0.770742	1.400000	0.039258	0.347383	0.637006	0.015611	0.159756	0.437734	0.597490	71.420000
sage_unsup	Coll	16.000000	4000	CF	8	True	7.518471	23.70	0.008266	0.032462	0.019319	0.030441	0.000000	0.000000	100.000000	0.000000	0.000000	72.599455	nan	nan	2.210000	0.000000	0.000000	0.339798	0.643733	0.016469	0.159906	0.429105	0.589011	71.420000
sage_unsup	WG	16.000000	4000	CF	8	True	10.448447	28.16	0.008294	0.033782	0.042517	0.000000	0.000000	0.000000	nan	nan	nan	nan	nan	nan	0.000000	0.000000	0.000000	None	None	None	0.160000	0	0.160000	None
sage_unsup	Cliq	20.000000	4000	CF	8	True	7.369454	27.22	0.008265	0.032045	0.018582	0.030024	0.000000	0.000000	100.000000	0.000000	0.000000	73.607780	nan	nan	2.210000	0.000000	0.000000	0.249239	0.747716	0.003046	0.200000	0.600000	0.800000	None
sage_unsup	Rep	20.000000	4000	CF	8	True	14.933797	24.36	0.008385	0.089157	0.021870	0.087232	0.000000	0.000000	100.000000	0.000000	0.000000	25.334740	nan	nan	2.210000	0.000000	0.000000	0.784635	0.000000	0.215365	0.200000	0.000000	0.200000	None
sage_unsup	MPSPhaseColl	20.000000	4000	CF	8	True	5.653145	28.25	0.008426	0.018642	0.018193	0.002515	0.014080	0.006392	48.538691	50.226244	1.235064	426.522894	78.835227	4.270169	1.072705	1.110000	0.027295	0.490753	0.499262	0.009985	0.197356	0.476342	0.673698	30.470000
sage_unsup	Coll	20.000000	4000	CF	8	True	6.638216	27.34	0.008286	0.024962	0.019801	0.022963	0.000000	0.000000	100.000000	0.000000	0.000000	96.241780	nan	nan	2.210000	0.000000	0.000000	0.499869	0.489640	0.010491	0.197285	0.469683	0.666968	53.570000
sage_unsup	WG	20.000000	4000	CF	8	True	10.448447	28.16	0.008294	0.033782	0.042517	0.000000	0.000000	0.000000	nan	nan	nan	nan	nan	nan	0.000000	0.000000	0.000000	None	None	None	0.200000	0	0.200000	None
sage_unsup	Cliq	25.000000	4000	CF	8	True	7.318310	29.33	0.008309	0.031368	0.018573	0.029218	0.000000	0.000000	100.000000	0.000000	0.000000	75.638305	nan	nan	2.210000	0.000000	0.000000	0.250000	0.750000	0.000000	0.250000	0.750000	1.000000	None
sage_unsup	Rep	25.000000	4000	CF	8	True	12.178841	29.76	0.008205	0.069052	0.020091	0.066971	0.000000	0.000000	100.000000	0.000000	0.000000	32.999358	nan	nan	2.210000	0.000000	0.000000	0.845744	0.000000	0.154256	0.250000	0.000000	0.250000	None
sage_unsup	MPSPhaseColl	25.000000	4000	CF	8	True	5.401569	31.42	0.008252	0.016590	0.018287	0.003322	0.011261	0.004238	63.389070	35.809796	0.801135	421.703323	70.277638	4.177697	1.400898	0.791396	0.017705	0.630941	0.363476	0.005583	0.248684	0.493340	0.742024	53.000000
sage_unsup	Coll	25.000000	4000	CF	8	True	6.419337	31.58	0.008202	0.024295	0.018777	0.022348	0.000000	0.000000	100.000000	0.000000	0.000000	98.890281	nan	nan	2.210000	0.000000	0.000000	0.625452	0.369212	0.005336	0.248880	0.502322	0.751202	71.820000
sage_unsup	WG	25.000000	4000	CF	8	True	10.448447	28.16	0.008294	0.033782	0.042517	0.000000	0.000000	0.000000	nan	nan	nan	nan	nan	nan	0.000000	0.000000	0.000000	None	None	None	0.250000	0	0.250000	None
sage_unsup	Cliq	1.000000	2000	MAG	8	True	26.387087	13.63	0.003711	0.171261	0.036042	0.170493	0.000000	0.000000	100.000000	0.000000	0.000000	7.976867	nan	nan	1.360000	0.000000	0.000000	0.115741	0.347224	0.537035	0.010000	0.030000	0.040000	None
sage_unsup	Rep	1.000000	2000	MAG	8	True	38.562964	13.43	0.003789	0.258266	0.046519	0.257559	0.000000	0.000000	100.000000	0.000000	0.000000	5.280344	nan	nan	1.360000	0.000000	0.000000	0.219048	0.000000	0.780952	0.010000	0.000000	0.010000	None
sage_unsup	MPSPhaseColl	1.000000	2000	MAG	8	True	24.064176	16.17	0.003916	0.151657	0.036793	0.002209	0.004388	0.150835	10.784553	32.118135	57.097312	66.396524	99.545725	5.148165	0.146670	0.436807	0.776523	0.102698	0.333153	0.564149	0.009894	0.029167	0.039060	12.860000
sage_unsup	Coll	1.000000	2000	MAG	8	True	28.446011	14.15	0.003682	0.185840	0.037911	0.185092	0.000000	0.000000	100.000000	0.000000	0.000000	7.347697	nan	nan	1.360000	0.000000	0.000000	0.100206	0.319810	0.579984	0.009972	0.028228	0.038200	23.950000
sage_unsup	WG	1.000000	2000	MAG	None	True	None	None	None	nan	nan	0	0	nan	nan	nan	nan	nan	nan	nan	nan	0.000000	nan	None	None	None	0.010000	0	0.010000	None
sage_unsup	Cliq	2.000000	2000	MAG	8	True	18.097158	16.94	0.003634	0.111612	0.029474	0.110801	0.000000	0.000000	100.000000	0.000000	0.000000	12.274257	nan	nan	1.360000	0.000000	0.000000	0.163221	0.489664	0.347115	0.020000	0.060000	0.080000	None
sage_unsup	Rep	2.000000	2000	MAG	8	True	33.265790	17.45	0.003713	0.220324	0.041964	0.219590	0.000000	0.000000	100.000000	0.000000	0.000000	6.193360	nan	nan	1.360000	0.000000	0.000000	0.320110	0.000000	0.679890	0.020000	0.000000	0.020000	None
sage_unsup	MPSPhaseColl	2.000000	2000	MAG	8	True	16.755105	19.91	0.003866	0.100312	0.029771	0.003642	0.006186	0.099434	16.243250	46.470014	37.286736	60.655739	102.164919	5.099861	0.220908	0.631992	0.507100	0.151936	0.485126	0.362939	0.019910	0.057383	0.077294	14.780000
sage_unsup	Coll	2.000000	2000	MAG	8	True	18.951347	18.81	0.003755	0.117730	0.030079	0.116908	0.000000	0.000000	100.000000	0.000000	0.000000	11.633079	nan	nan	1.360000	0.000000	0.000000	0.185749	0.447182	0.367069	0.019818	0.056745	0.076564	36.290000
sage_unsup	WG	2.000000	2000	MAG	None	True	None	None	None	nan	nan	0	0	nan	nan	nan	nan	nan	nan	nan	nan	0.000000	nan	None	None	None	0.020000	0	0.020000	None
sage_unsup	Cliq	4.000000	2000	MAG	8	True	10.591212	25.91	0.003722	0.054332	0.026617	0.053443	0.000000	0.000000	100.000000	0.000000	0.000000	25.447673	nan	nan	1.360000	0.000000	0.000000	0.213512	0.640535	0.145953	0.040000	0.120000	0.160000	None
sage_unsup	Rep	4.000000	2000	MAG	8	True	25.983400	25.04	0.003641	0.168527	0.035638	0.167776	0.000000	0.000000	100.000000	0.000000	0.000000	8.106046	nan	nan	1.360000	0.000000	0.000000	0.462884	0.000000	0.537116	0.040000	0.000000	0.040000	None
sage_unsup	MPSPhaseColl	4.000000	2000	MAG	8	True	9.115704	27.46	0.003720	0.045692	0.023449	0.004602	0.012587	0.044787	20.927878	62.563907	16.508215	61.846836	67.599042	5.012877	0.284619	0.850869	0.224512	0.214900	0.629278	0.155822	0.039784	0.118371	0.158155	22.120000
sage_unsup	Coll	4.000000	2000	MAG	8	True	11.031014	24.89	0.003628	0.058153	0.026434	0.057294	0.000000	0.000000	100.000000	0.000000	0.000000	23.737215	nan	nan	1.360000	0.000000	0.000000	0.247755	0.591030	0.161215	0.039738	0.114577	0.154315	24.970000
sage_unsup	WG	4.000000	2000	MAG	None	True	None	None	None	nan	nan	0	0	nan	nan	nan	nan	nan	nan	nan	nan	0.000000	nan	None	None	None	0.040000	0	0.040000	None
sage_sup	Cliq	1.000000	8000	PAU	8	True	0.798594	7.59	0.004665	0.026162	0.013508	0.025257	0.000000	0.000000	100.000000	0.000000	0.000000	19.938393	nan	nan	0.503584	0.000000	0.000000	0.200844	0.602533	0.196623	0.010000	0.030000	0.040000	None
sage_sup	Rep	1.000000	8000	PAU	8	True	1.690390	7.26	0.004649	0.069076	0.020209	0.068371	0.000000	0.000000	100.000000	0.000000	0.000000	7.366604	nan	nan	0.503662	0.000000	0.000000	0.457569	0.000000	0.542431	0.010000	0.000000	0.010000	None
sage_sup	MPSPhaseColl	1.000000	8000	PAU	8	True	0.968503	9.59	0.004731	0.032704	0.016312	0.001852	0.003251	0.031730	19.564459	59.298402	21.137139	53.199455	91.855751	3.354721	0.098525	0.298623	0.106445	0.216135	0.579045	0.204820	0.009877	0.029904	0.039781	12.260000
sage_sup	Coll	1.000000	8000	PAU	8	True	0.818376	7.59	0.004614	0.027323	0.013642	0.026430	0.000000	0.000000	100.000000	0.000000	0.000000	19.054608	nan	nan	0.503613	0.000000	0.000000	0.207130	0.584175	0.208695	0.009958	0.029018	0.038977	7.130000
sage_sup	WG	1.000000	8000	PAU	8	True	0.447088	20.70	0.004656	0.007787	0.012300	0.000000	0.000000	0.000000	nan	nan	nan	nan	nan	nan	0.000000	0.000000	0.000000	None	None	None	0.010000	0	0.010000	None
sage_sup	Cliq	2.000000	8000	PAU	8	True	0.553861	8.01	0.004612	0.015568	0.010470	0.014607	0.000000	0.000000	100.000000	0.000000	0.000000	34.474187	nan	nan	0.503564	0.000000	0.000000	0.230695	0.692084	0.077221	0.020000	0.060000	0.080000	None
sage_sup	Rep	2.000000	8000	PAU	8	True	1.228472	7.82	0.004665	0.045400	0.018272	0.044592	0.000000	0.000000	100.000000	0.000000	0.000000	11.295993	nan	nan	0.503711	0.000000	0.000000	0.638207	0.000000	0.361793	0.020000	0.000000	0.020000	None
sage_sup	MPSPhaseColl	2.000000	8000	PAU	8	True	0.565203	10.08	0.004641	0.015095	0.011611	0.001795	0.003610	0.014075	23.031878	67.612270	9.355852	64.621779	94.326199	3.347719	0.115996	0.340518	0.047119	0.182586	0.735373	0.082040	0.019992	0.059276	0.079268	16.820000
sage_sup	Coll	2.000000	8000	PAU	8	True	0.561675	7.95	0.004623	0.015736	0.010767	0.014774	0.000000	0.000000	100.000000	0.000000	0.000000	34.083181	nan	nan	0.503545	0.000000	0.000000	0.296048	0.623264	0.080688	0.019975	0.059729	0.079704	17.380000
sage_sup	WG	2.000000	8000	PAU	8	True	0.447088	20.70	0.004656	0.007787	0.012300	0.000000	0.000000	0.000000	nan	nan	nan	nan	nan	nan	0.000000	0.000000	0.000000	None	None	None	0.020000	0	0.020000	None
sage_sup	Cliq	4.000000	8000	PAU	8	True	0.450253	9.32	0.004643	0.009876	0.010383	0.008882	0.000000	0.000000	100.000000	0.000000	0.000000	56.705934	nan	nan	0.503662	0.000000	0.000000	0.246842	0.740526	0.012633	0.040000	0.120000	0.160000	None
sage_sup	Rep	4.000000	8000	PAU	8	True	0.787044	9.11	0.004689	0.025484	0.013535	0.024583	0.000000	0.000000	100.000000	0.000000	0.000000	20.489420	nan	nan	0.503691	0.000000	0.000000	0.803290	0.000000	0.196710	0.040000	0.000000	0.040000	None
sage_sup	MPSPhaseColl	4.000000	8000	PAU	8	True	0.371677	11.33	0.004646	0.005994	0.009828	0.000513	0.003282	0.004945	28.314655	68.166130	3.519215	277.987177	104.607042	3.584350	0.142607	0.343320	0.017725	0.282758	0.698888	0.018354	0.039888	0.116792	0.156680	50.160000
sage_sup	Coll	4.000000	8000	PAU	8	True	0.440264	9.32	0.004631	0.009870	0.009869	0.008886	0.000000	0.000000	100.000000	0.000000	0.000000	56.662825	nan	nan	0.503506	0.000000	0.000000	0.283011	0.697514	0.019475	0.039938	0.114386	0.154323	107.750000
sage_sup	WG	4.000000	8000	PAU	8	True	0.447088	20.70	0.004656	0.007787	0.012300	0.000000	0.000000	0.000000	nan	nan	nan	nan	nan	nan	0.000000	0.000000	0.000000	None	None	None	0.040000	0	0.040000	None
sage_sup	Cliq	8.000000	8000	PAU	8	True	0.419514	11.95	0.004600	0.008725	0.009886	0.007734	0.000000	0.000000	100.000000	0.000000	0.000000	65.114268	nan	nan	0.503594	0.000000	0.000000	0.250000	0.750000	0.000000	0.080000	0.240000	0.320000	None
sage_sup	Rep	8.000000	8000	PAU	8	True	0.516151	11.19	0.004606	0.013449	0.010530	0.012497	0.000000	0.000000	100.000000	0.000000	0.000000	40.307330	nan	nan	0.503721	0.000000	0.000000	0.922667	0.000000	0.077333	0.080000	0.000000	0.080000	None
sage_sup	MPSPhaseColl	8.000000	8000	PAU	8	True	0.317085	13.45	0.004650	0.003528	0.009364	0.000835	0.001460	0.002498	74.826436	23.371989	1.801575	451.265438	80.613228	3.631812	0.376807	0.117695	0.009072	0.774304	0.225696	0.000000	0.079886	0.148654	0.228541	17.040000
sage_sup	Coll	8.000000	8000	PAU	8	True	0.382317	11.38	0.004635	0.006466	0.010033	0.005494	0.000000	0.000000	100.000000	0.000000	0.000000	91.667828	nan	nan	0.503623	0.000000	0.000000	0.772774	0.227226	0.000000	0.079934	0.114537	0.194470	3.180000
sage_sup	WG	8.000000	8000	PAU	8	True	0.447088	20.70	0.004656	0.007787	0.012300	0.000000	0.000000	0.000000	nan	nan	nan	nan	nan	nan	0.000000	0.000000	0.000000	None	None	None	0.080000	0	0.080000	None
sage_sup	Cliq	12.000000	8000	PAU	8	True	0.412066	14.05	0.004652	0.008477	0.009720	0.007465	0.000000	0.000000	100.000000	0.000000	0.000000	67.469807	nan	nan	0.503662	0.000000	0.000000	0.250000	0.750000	0.000000	0.120000	0.360000	0.480000	None
sage_sup	Rep	12.000000	8000	PAU	8	True	0.421896	13.48	0.004610	0.008756	0.009992	0.007783	0.000000	0.000000	100.000000	0.000000	0.000000	64.713107	nan	nan	0.503662	0.000000	0.000000	0.966649	0.000000	0.033351	0.120000	0.000000	0.120000	None
sage_sup	MPSPhaseColl	12.000000	8000	PAU	8	True	0.312555	16.30	0.004624	0.003264	0.009386	0.000752	0.001475	0.002104	74.487065	23.942132	1.570802	498.800075	81.739936	3.759580	0.375098	0.120566	0.007910	0.750083	0.249917	0.000000	0.119285	0.208173	0.327458	13.940000
sage_sup	Coll	12.000000	8000	PAU	8	True	0.372434	13.49	0.004632	0.006157	0.009794	0.005189	0.000000	0.000000	100.000000	0.000000	0.000000	97.050251	nan	nan	0.503594	0.000000	0.000000	0.815237	0.184763	0.000000	0.119942	0.116827	0.236769	1.040000
sage_sup	WG	12.000000	8000	PAU	8	True	0.447088	20.70	0.004656	0.007787	0.012300	0.000000	0.000000	0.000000	nan	nan	nan	nan	nan	nan	0.000000	0.000000	0.000000	None	None	None	0.120000	0	0.120000	None
sage_sup	Cliq	16.000000	8000	PAU	8	True	0.406280	17.34	0.004623	0.008256	0.009596	0.007265	0.000000	0.000000	100.000000	0.000000	0.000000	69.312414	nan	nan	0.503555	0.000000	0.000000	0.250000	0.750000	0.000000	0.160000	0.480000	0.640000	None
sage_sup	Rep	16.000000	8000	PAU	8	True	0.383137	15.61	0.004613	0.006703	0.009847	0.005723	0.000000	0.000000	100.000000	0.000000	0.000000	87.998127	nan	nan	0.503613	0.000000	0.000000	0.987438	0.000000	0.012562	0.160000	0.000000	0.160000	None
sage_sup	MPSPhaseColl	16.000000	8000	PAU	8	True	0.315444	18.18	0.004617	0.003507	0.009322	0.000940	0.001532	0.002155	75.016968	23.392868	1.590164	401.886636	76.894735	3.715922	0.377773	0.117803	0.008008	0.753397	0.246603	0.000000	0.159980	0.159367	0.319346	0.700000
sage_sup	Coll	16.000000	8000	PAU	8	True	0.375786	15.61	0.004632	0.006242	0.009902	0.005269	0.000000	0.000000	100.000000	0.000000	0.000000	95.585989	nan	nan	0.503643	0.000000	0.000000	0.765076	0.234924	0.000000	0.127876	0.101776	0.229653	0.670000
sage_sup	WG	16.000000	8000	PAU	8	True	0.447088	20.70	0.004656	0.007787	0.012300	0.000000	0.000000	0.000000	nan	nan	nan	nan	nan	nan	0.000000	0.000000	0.000000	None	None	None	0.160000	0	0.160000	None
sage_sup	Cliq	20.000000	8000	PAU	8	True	0.399027	19.23	0.004601	0.008003	0.009465	0.007011	0.000000	0.000000	100.000000	0.000000	0.000000	71.829090	nan	nan	0.503594	0.000000	0.000000	0.250000	0.750000	0.000000	0.200000	0.600000	0.800000	None
sage_sup	Rep	20.000000	8000	PAU	8	True	0.355499	17.57	0.004604	0.005362	0.009691	0.004386	0.000000	0.000000	100.000000	0.000000	0.000000	114.836269	nan	nan	0.503672	0.000000	0.000000	1.000000	0.000000	0.000000	0.200000	0.000000	0.200000	None
sage_sup	MPSPhaseColl	20.000000	8000	PAU	8	True	0.314355	20.37	0.004616	0.003485	0.009260	0.001004	0.001437	0.002196	74.801760	23.585180	1.613060	375.276239	82.671418	3.699909	0.376777	0.118799	0.008125	0.752901	0.247099	0.000000	0.146437	0.163446	0.309883	0.420000
sage_sup	Coll	20.000000	8000	PAU	8	True	0.362260	17.79	0.004611	0.005789	0.009626	0.004813	0.000000	0.000000	100.000000	0.000000	0.000000	104.627928	nan	nan	0.503574	0.000000	0.000000	0.960539	0.039461	0.000000	0.194982	0.027092	0.222075	0.560000
sage_sup	WG	20.000000	8000	PAU	8	True	0.447088	20.70	0.004656	0.007787	0.012300	0.000000	0.000000	0.000000	nan	nan	nan	nan	nan	nan	0.000000	0.000000	0.000000	None	None	None	0.200000	0	0.200000	None
sage_sup	Cliq	25.000000	8000	PAU	8	True	0.392075	21.71	0.004646	0.007673	0.009343	0.006663	0.000000	0.000000	100.000000	0.000000	0.000000	75.585029	nan	nan	0.503623	0.000000	0.000000	0.250000	0.750000	0.000000	0.250000	0.750000	1.000000	None
sage_sup	Rep	25.000000	8000	PAU	8	True	0.353822	20.44	0.004588	0.005261	0.009733	0.004265	0.000000	0.000000	100.000000	0.000000	0.000000	118.082778	nan	nan	0.503623	0.000000	0.000000	1.000000	0.000000	0.000000	0.250000	0.000000	0.250000	None
sage_sup	MPSPhaseColl	25.000000	8000	PAU	8	True	0.314407	22.67	0.004601	0.003455	0.009305	0.000959	0.001405	0.002203	74.703749	23.597293	1.698959	392.233935	84.568227	3.883199	0.376152	0.118818	0.008555	0.760264	0.239736	0.000000	0.122580	0.149691	0.272271	0.390000
sage_sup	Coll	25.000000	8000	PAU	8	True	0.369108	20.38	0.004600	0.005941	0.009831	0.004968	0.000000	0.000000	100.000000	0.000000	0.000000	101.393056	nan	nan	0.503721	0.000000	0.000000	0.795238	0.204762	0.000000	0.162320	0.069424	0.231745	0.490000
sage_sup	WG	25.000000	8000	PAU	8	True	0.447088	20.70	0.004656	0.007787	0.012300	0.000000	0.000000	0.000000	nan	nan	nan	nan	nan	nan	0.000000	0.000000	0.000000	None	None	None	0.250000	0	0.250000	None
sage_sup	Cliq	1.000000	8000	CF	8	True	2.969611	9.17	0.003902	0.181986	0.011645	0.181154	0.000000	0.000000	100.000000	0.000000	0.000000	6.237787	nan	nan	1.130000	0.000000	0.000000	0.083551	0.250652	0.665797	0.010000	0.030000	0.040000	None
sage_sup	Rep	1.000000	8000	CF	8	True	3.760410	10.21	0.003942	0.234411	0.012221	0.233796	0.000000	0.000000	100.000000	0.000000	0.000000	4.833273	nan	nan	1.130000	0.000000	0.000000	0.134326	0.000000	0.865674	0.010000	0.000000	0.010000	None
sage_sup	MPSPhaseColl	1.000000	8000	CF	8	True	3.031199	10.66	0.003951	0.183116	0.015153	0.001419	0.002780	0.182228	7.139277	22.056485	70.804238	56.852592	89.654058	4.390587	0.080674	0.249238	0.800088	0.080340	0.225956	0.693704	0.009987	0.029220	0.039207	11.970000
sage_sup	Coll	1.000000	8000	CF	8	True	3.082025	9.13	0.003938	0.189573	0.011989	0.188727	0.000000	0.000000	100.000000	0.000000	0.000000	5.987485	nan	nan	1.130000	0.000000	0.000000	0.074878	0.233481	0.691641	0.009936	0.029484	0.039420	6.750000
sage_sup	WG	1.000000	8000	CF	8	True	0.518214	26.55	0.003852	0.017001	0.013627	0.000000	0.000000	0.000000	nan	nan	nan	nan	nan	nan	0.000000	0.000000	0.000000	None	None	None	0.010000	0	0.010000	None
sage_sup	Cliq	2.000000	8000	CF	8	True	2.246221	10.39	0.003884	0.134538	0.011243	0.133628	0.000000	0.000000	100.000000	0.000000	0.000000	8.456312	nan	nan	1.130000	0.000000	0.000000	0.125243	0.375730	0.499026	0.020000	0.060000	0.080000	None
sage_sup	Rep	2.000000	8000	CF	8	True	3.452835	9.77	0.003904	0.214192	0.011906	0.213443	0.000000	0.000000	100.000000	0.000000	0.000000	5.294153	nan	nan	1.130000	0.000000	0.000000	0.214722	0.000000	0.785278	0.020000	0.000000	0.020000	None
sage_sup	MPSPhaseColl	2.000000	8000	CF	8	True	2.401858	11.87	0.003933	0.141445	0.014204	0.002436	0.004207	0.140478	11.312569	34.466607	54.220824	52.476203	92.577289	4.361504	0.127832	0.389473	0.612695	0.117272	0.361564	0.521164	0.019972	0.059432	0.079403	19.430000
sage_sup	Coll	2.000000	8000	CF	8	True	2.414118	9.27	0.003930	0.145236	0.011647	0.144330	0.000000	0.000000	100.000000	0.000000	0.000000	7.829280	nan	nan	1.130000	0.000000	0.000000	0.123749	0.338429	0.537822	0.019696	0.057512	0.077208	22.770000
sage_sup	WG	2.000000	8000	CF	8	True	0.518214	26.55	0.003852	0.017001	0.013627	0.000000	0.000000	0.000000	nan	nan	nan	nan	nan	nan	0.000000	0.000000	0.000000	None	None	None	0.020000	0	0.020000	None
sage_sup	Cliq	4.000000	8000	CF	8	True	1.385828	11.77	0.003939	0.077490	0.010819	0.076488	0.000000	0.000000	100.000000	0.000000	0.000000	14.773559	nan	nan	1.130000	0.000000	0.000000	0.177126	0.531379	0.291495	0.040000	0.120000	0.160000	None
sage_sup	Rep	4.000000	8000	CF	8	True	2.950961	11.58	0.003908	0.181232	0.011593	0.180392	0.000000	0.000000	100.000000	0.000000	0.000000	6.264136	nan	nan	1.130000	0.000000	0.000000	0.334193	0.000000	0.665807	0.040000	0.000000	0.040000	None
sage_sup	MPSPhaseColl	4.000000	8000	CF	8	True	1.621579	12.69	0.003963	0.091724	0.012423	0.003030	0.005881	0.090672	16.306865	49.008746	34.684389	60.814382	94.167459	4.322543	0.184268	0.553799	0.391934	0.160513	0.519107	0.320380	0.039938	0.116302	0.156240	24.800000
sage_sup	Coll	4.000000	8000	CF	8	True	1.501083	12.34	0.003941	0.085135	0.010994	0.084142	0.000000	0.000000	100.000000	0.000000	0.000000	13.429678	nan	nan	1.130000	0.000000	0.000000	0.174750	0.505325	0.319926	0.039920	0.119517	0.159437	17.230000
sage_sup	WG	4.000000	8000	CF	8	True	0.518214	26.55	0.003852	0.017001	0.013627	0.000000	0.000000	0.000000	nan	nan	nan	nan	nan	nan	0.000000	0.000000	0.000000	None	None	None	0.040000	0	0.040000	None
sage_sup	Cliq	8.000000	8000	CF	8	True	0.773679	13.97	0.003877	0.037413	0.010176	0.036349	0.000000	0.000000	100.000000	0.000000	0.000000	31.087513	nan	nan	1.130000	0.000000	0.000000	0.226129	0.678386	0.095485	0.080000	0.240000	0.320000	None
sage_sup	Rep	8.000000	8000	CF	8	True	2.237989	14.14	0.003894	0.133793	0.011262	0.132888	0.000000	0.000000	100.000000	0.000000	0.000000	8.503401	nan	nan	1.130000	0.000000	0.000000	0.500981	0.000000	0.499019	0.080000	0.000000	0.080000	None
sage_sup	MPSPhaseColl	8.000000	8000	CF	8	True	0.762069	15.49	0.003930	0.035951	0.010719	0.003527	0.007380	0.034832	22.007225	64.785848	13.206928	70.507979	99.197843	4.284517	0.248682	0.732080	0.149238	0.227766	0.667988	0.104246	0.078798	0.235711	0.314509	33.050000
sage_sup	Coll	8.000000	8000	CF	8	True	0.790284	13.41	0.003903	0.038336	0.010342	0.037270	0.000000	0.000000	100.000000	0.000000	0.000000	30.319292	nan	nan	1.130000	0.000000	0.000000	0.211640	0.687391	0.100970	0.079516	0.239725	0.319241	44.450000
sage_sup	WG	8.000000	8000	CF	8	True	0.518214	26.55	0.003852	0.017001	0.013627	0.000000	0.000000	0.000000	nan	nan	nan	nan	nan	nan	0.000000	0.000000	0.000000	None	None	None	0.080000	0	0.080000	None
sage_sup	Cliq	12.000000	8000	CF	8	True	0.580157	18.16	0.003915	0.024586	0.010091	0.023386	0.000000	0.000000	100.000000	0.000000	0.000000	48.319507	nan	nan	1.130000	0.000000	0.000000	0.244642	0.733926	0.021432	0.120000	0.360000	0.480000	None
sage_sup	Rep	12.000000	8000	CF	8	True	1.747610	17.21	0.003890	0.101613	0.010878	0.100538	0.000000	0.000000	100.000000	0.000000	0.000000	11.239531	nan	nan	1.130000	0.000000	0.000000	0.619104	0.000000	0.380896	0.120000	0.000000	0.120000	None
sage_sup	MPSPhaseColl	12.000000	8000	CF	8	True	0.486751	19.08	0.003908	0.018337	0.010063	0.002749	0.007639	0.017089	23.198977	70.418798	6.382225	95.361381	104.167093	4.220208	0.262148	0.795732	0.072119	0.251300	0.711064	0.037637	0.119977	0.358920	0.478898	23.350000
sage_sup	Coll	12.000000	8000	CF	8	True	0.623746	15.92	0.003906	0.027294	0.010237	0.026098	0.000000	0.000000	100.000000	0.000000	0.000000	43.298337	nan	nan	1.130000	0.000000	0.000000	0.231840	0.728720	0.039440	0.118622	0.355830	0.474451	73.610000
sage_sup	WG	12.000000	8000	CF	8	True	0.518214	26.55	0.003852	0.017001	0.013627	0.000000	0.000000	0.000000	nan	nan	nan	nan	nan	nan	0.000000	0.000000	0.000000	None	None	None	0.120000	0	0.120000	None
sage_sup	Cliq	16.000000	8000	CF	8	True	0.503392	19.45	0.003910	0.019483	0.010073	0.018380	0.000000	0.000000	100.000000	0.000000	0.000000	61.479869	nan	nan	1.130000	0.000000	0.000000	0.250000	0.750000	0.000000	0.160000	0.480000	0.640000	None
sage_sup	Rep	16.000000	8000	CF	8	True	1.361788	18.71	0.003899	0.076197	0.010619	0.075204	0.000000	0.000000	100.000000	0.000000	0.000000	15.025797	nan	nan	1.130000	0.000000	0.000000	0.708522	0.000000	0.291478	0.160000	0.000000	0.160000	None
sage_sup	MPSPhaseColl	16.000000	8000	CF	8	True	0.375059	20.43	0.003921	0.011081	0.009910	0.001441	0.007479	0.009937	43.194310	53.156976	3.648714	338.720127	80.314725	4.149187	0.488096	0.600674	0.041230	0.448201	0.540807	0.010991	0.159859	0.385608	0.545467	37.790000
sage_sup	Coll	16.000000	8000	CF	8	True	0.496591	19.49	0.003890	0.018522	0.010624	0.017430	0.000000	0.000000	100.000000	0.000000	0.000000	64.830752	nan	nan	1.130000	0.000000	0.000000	0.445841	0.541931	0.012228	0.159877	0.382573	0.542451	84.690000
sage_sup	WG	16.000000	8000	CF	8	True	0.518214	26.55	0.003852	0.017001	0.013627	0.000000	0.000000	0.000000	nan	nan	nan	nan	nan	nan	0.000000	0.000000	0.000000	None	None	None	0.160000	0	0.160000	None
sage_sup	Cliq	20.000000	8000	CF	8	True	0.477324	21.97	0.003903	0.017847	0.009952	0.016732	0.000000	0.000000	100.000000	0.000000	0.000000	67.535262	nan	nan	1.130000	0.000000	0.000000	0.250000	0.750000	0.000000	0.200000	0.600000	0.800000	None
sage_sup	Rep	20.000000	8000	CF	8	True	1.073503	21.79	0.003918	0.056834	0.010647	0.055778	0.000000	0.000000	100.000000	0.000000	0.000000	20.258883	nan	nan	1.130000	0.000000	0.000000	0.777223	0.000000	0.222777	0.200000	0.000000	0.200000	None
sage_sup	MPSPhaseColl	20.000000	8000	CF	8	True	0.371441	24.60	0.003925	0.010713	0.010124	0.001960	0.007619	0.008289	58.643010	38.374585	2.982405	338.094906	56.914662	4.065771	0.662666	0.433633	0.033701	0.605858	0.389651	0.004491	0.198062	0.363836	0.561898	26.610000
sage_sup	Coll	20.000000	8000	CF	8	True	0.468779	22.56	0.003881	0.017238	0.010111	0.016136	0.000000	0.000000	100.000000	0.000000	0.000000	70.029747	nan	nan	1.130000	0.000000	0.000000	0.597769	0.396261	0.005970	0.197961	0.360206	0.558167	28.640000
sage_sup	WG	20.000000	8000	CF	8	True	0.518214	26.55	0.003852	0.017001	0.013627	0.000000	0.000000	0.000000	nan	nan	nan	nan	nan	nan	0.000000	0.000000	0.000000	None	None	None	0.200000	0	0.200000	None
sage_sup	Cliq	25.000000	8000	CF	8	True	0.451860	26.22	0.003893	0.016282	0.009859	0.015102	0.000000	0.000000	100.000000	0.000000	0.000000	74.824527	nan	nan	1.130000	0.000000	0.000000	0.250000	0.750000	0.000000	0.250000	0.750000	1.000000	None
sage_sup	Rep	25.000000	8000	CF	8	True	0.882022	23.80	0.003868	0.044628	0.010168	0.043479	0.000000	0.000000	100.000000	0.000000	0.000000	25.989558	nan	nan	1.130000	0.000000	0.000000	0.841675	0.000000	0.158325	0.250000	0.000000	0.250000	None
sage_sup	MPSPhaseColl	25.000000	8000	CF	8	True	0.370462	27.73	0.003854	0.010442	0.010291	0.002846	0.006470	0.007455	70.827572	26.649786	2.522642	281.219804	46.544448	3.823724	0.800352	0.301143	0.028506	0.730873	0.269127	0.000000	0.245891	0.327280	0.573171	6.660000
sage_sup	Coll	25.000000	8000	CF	8	True	0.438401	25.08	0.003873	0.015033	0.010252	0.013945	0.000000	0.000000	100.000000	0.000000	0.000000	81.032628	nan	nan	1.130000	0.000000	0.000000	0.737283	0.262717	0.000000	0.249150	0.324027	0.573178	12.540000
sage_sup	WG	25.000000	8000	CF	8	True	0.518214	26.55	0.003852	0.017001	0.013627	0.000000	0.000000	0.000000	nan	nan	nan	nan	nan	nan	0.000000	0.000000	0.000000	None	None	None	0.250000	0	0.250000	None
sage_sup	Cliq	1.000000	8000	MAG	8	True	1.321159	13.19	0.004042	0.047609	0.025885	0.046645	0.000000	0.000000	100.000000	0.000000	0.000000	32.372173	nan	nan	1.510000	0.000000	0.000000	0.227707	0.683122	0.089170	0.010000	0.030000	0.040000	None
sage_sup	Rep	1.000000	8000	MAG	8	True	2.856562	13.52	0.004049	0.136982	0.026815	0.136180	0.000000	0.000000	100.000000	0.000000	0.000000	11.088266	nan	nan	1.510000	0.000000	0.000000	0.594003	0.000000	0.405997	0.010000	0.000000	0.010000	None
sage_sup	MPSPhaseColl	1.000000	8000	MAG	8	True	1.042673	15.24	0.004041	0.031525	0.025720	0.005384	0.009677	0.030514	22.841862	66.887417	10.270721	64.062427	104.371189	5.082516	0.344912	1.010000	0.155088	0.252567	0.656802	0.090631	0.009956	0.029870	0.039825	25.960000
sage_sup	Coll	1.000000	8000	MAG	8	True	1.337695	13.30	0.004054	0.048655	0.025937	0.047693	0.000000	0.000000	100.000000	0.000000	0.000000	31.660831	nan	nan	1.510000	0.000000	0.000000	0.306659	0.598198	0.095143	0.009984	0.029087	0.039071	37.230000
sage_sup	WG	1.000000	8000	MAG	None	True	None	None	None	nan	nan	0	0	nan	nan	nan	nan	nan	nan	nan	nan	0.000000	nan	None	None	None	0.010000	0	0.010000	None
sage_sup	Cliq	2.000000	8000	MAG	8	True	0.996711	18.01	0.004035	0.029239	0.025236	0.028249	0.000000	0.000000	100.000000	0.000000	0.000000	53.453220	nan	nan	1.510000	0.000000	0.000000	0.246537	0.739611	0.013852	0.020000	0.060000	0.080000	None
sage_sup	Rep	2.000000	8000	MAG	8	True	1.804472	16.55	0.004041	0.075872	0.026159	0.074983	0.000000	0.000000	100.000000	0.000000	0.000000	20.137898	nan	nan	1.510000	0.000000	0.000000	0.773089	0.000000	0.226911	0.020000	0.000000	0.020000	None
sage_sup	MPSPhaseColl	2.000000	8000	MAG	8	True	0.710221	19.05	0.004079	0.012409	0.025202	0.000939	0.009432	0.011376	26.032181	70.198675	3.769143	418.621872	112.383376	5.002994	0.393086	1.060000	0.056914	0.257919	0.722239	0.019842	0.019916	0.059225	0.079141	110.270000
sage_sup	Coll	2.000000	8000	MAG	8	True	0.999084	17.41	0.004040	0.029211	0.025445	0.028221	0.000000	0.000000	100.000000	0.000000	0.000000	53.506254	nan	nan	1.510000	0.000000	0.000000	0.267441	0.712297	0.020262	0.019848	0.058917	0.078766	47.960000
sage_sup	WG	2.000000	8000	MAG	None	True	None	None	None	nan	nan	0	0	nan	nan	nan	nan	nan	nan	nan	nan	0.000000	nan	None	None	None	0.020000	0	0.020000	None
sage_sup	Cliq	4.000000	8000	MAG	8	True	0.935563	24.38	0.004061	0.025574	0.025301	0.024573	0.000000	0.000000	100.000000	0.000000	0.000000	61.449558	nan	nan	1.510000	0.000000	0.000000	0.250000	0.750000	0.000000	0.040000	0.120000	0.160000	None
sage_sup	Rep	4.000000	8000	MAG	8	True	1.168748	24.17	0.003965	0.039206	0.025414	0.038265	0.000000	0.000000	100.000000	0.000000	0.000000	39.461649	nan	nan	1.510000	0.000000	0.000000	0.910775	0.000000	0.089225	0.040000	0.000000	0.040000	None
sage_sup	MPSPhaseColl	4.000000	8000	MAG	8	True	0.657154	26.48	0.003976	0.009620	0.025010	0.003198	0.005423	0.006195	73.892798	24.112040	1.995162	348.899703	67.138447	4.863108	1.115781	0.364092	0.030127	0.748848	0.251152	0.000000	0.039893	0.056322	0.096214	3.910000
sage_sup	Coll	4.000000	8000	MAG	8	True	0.813268	24.90	0.003958	0.018712	0.025065	0.017752	0.000000	0.000000	100.000000	0.000000	0.000000	85.060838	nan	nan	1.510000	0.000000	0.000000	0.755678	0.243443	0.000878	0.039776	0.056279	0.096055	2.280000
sage_sup	WG	4.000000	8000	MAG	None	True	None	None	None	nan	nan	0	0	nan	nan	nan	nan	nan	nan	nan	nan	0.000000	nan	None	None	None	0.040000	0	0.040000	None
